Zeit[sec];X_Act[mm];Y_Act[mm];Z_Act[mm];A_Act[°];B_Act[°];C_Act[°];AxisPos_Act1[°];AxisPos_Act2[°];AxisPos_Act3[°];AxisPos_Act4[°];AxisPos_Act5[°];AxisPos_Act6[°];GearTorq_Act2[Nm];GearTorq_Act3[Nm];GearTorq_CmdIpo2[Nm];GearTorq_CmdIpo3[Nm];DriveMotorTorq_Cmd2[Nm];DriveMotorTorq_Cmd3[Nm];DriveMotorTorq_Act2[Nm];DriveMotorTorq_Act3[Nm];CartVel_Act[m/s]
0.0;383.20244835769586;-26.938037672520586;577.6549680390215;-0.030015936885361583;0.5030943945645457;-0.019262665915649246;-0.0;-1.9198633186221632;1.9198628933165323;1.1983866976506066e-06;1.225862935868345e-06;0.0;-1.5861993711411504;-11.334574839511257;-2.8549966080996794;-11.031043007479271;-0.031468785694929384;-0.12359495650278403;-0.01853036491581676;-0.12061156845497996;0.0
0.012;383.2027456146328;-26.937978147677498;577.6552546971237;-0.030014882303916454;0.5030932084633152;-0.019260478617317507;-0.0;-1.9198622616513839;1.9198618191323775;1.1983866976506066e-06;-0.0;-1.8798222708244806e-06;-1.829767223642183;-10.241589576250993;-2.8549966080996794;-11.031043007479271;-0.031468785694929384;-0.12359495650278403;-0.018978418008583728;-0.12086296842833229;0.03476885560359094
0.024;383.2027330841992;-26.93796177840658;577.6547551027793;-0.0300146156808751;0.5030942976774766;-0.019259925616009907;-0.0;-1.9198622616513839;1.9198628933165323;-1.1983866976506066e-06;-0.0;0.0;-1.6280277607639493;-11.313254988824294;-3.1018659074842665;-11.10797878402199;-0.031468785694929384;-0.12359495650278403;-0.018005495936539273;-0.12034950043864279;0.03476885560359094
0.036000000000000004;383.2027330841876;-26.93794020072028;577.6547367463013;-0.030014240837748694;0.503094318127305;-0.019259148156083605;-0.0;-1.9198622616513839;1.9198628933165323;-0.0;-0.0;-1.8798222708244806e-06;-1.7333354694114362;-10.791522747346125;-3.5939293096159775;-11.262077571007225;-0.032502767521378706;-0.12366505100172423;-0.01910643154113135;-0.1209485541726135;0.002360786145706264
0.048;383.20225383879307;-26.938059249868132;577.6560914113186;-0.030016256284847154;0.503091018800177;-0.01926332838321884;-0.0;-1.919864375400556;1.9198618191323775;-0.0;-0.0;1.8798222708244806e-06;-1.6181942641038896;-10.20874472792399;-4.081404749555432;-11.415726712911681;-0.050408643975712875;-0.12457728404220998;-0.018901604279998256;-0.12044045596280613;0.12015516937405966
0.06;383.20047182056175;-26.942125604588536;577.6578074761413;-0.0300250234363854;0.503085867323273;-0.019258858553336946;1.092222627342983e-05;-1.9198707162633004;1.9198628933165323;-0.0;-0.0;-1.8798222708244806e-06;-2.672642908573893;-11.345921560411771;-4.315627612204191;-11.491588417843413;-0.10113552164442206;-0.12617958893368136;-0.03126784634894759;-0.12069721184053284;0.3966501026909598
0.072;383.173836381268;-27.02726215886394;577.690566598297;-0.03024628663648804;0.5029960255627782;-0.019257148325350845;0.00023300985039587284;-1.9199594883417208;1.9198618191323775;1.1983866976506066e-06;-0.0;-1.8798222708244806e-06;3.1032802563980315;-10.456091390222797;-4.296443530465482;-11.489684278261697;-0.15432843813129873;-0.12779540323799993;-0.08761797434881335;-0.12339284390129053;7.919227405002886
0.08399999999999999;383.08902168088866;-27.286674841346883;577.7949222531038;-0.030918746646770717;0.5027098933278796;-0.01924734513080618;0.0009101942862533714;-1.920244826972829;1.919859670764068;1.1983866976506066e-06;1.225862935868345e-06;-1.8798222708244806e-06;0.1984242645532163;-11.184454795961813;-4.271939048240281;-11.487206582144548;-0.17655113500267322;-0.12871539646316227;-0.12504503476267745;-0.13194959890568436;24.349676937069564
0.09599999999999999;382.94201259905947;-27.7735242176298;577.9701370216679;-0.03218067259703687;0.5022284469057087;-0.019226753714934063;0.0021820391305235015;-1.9207256753782318;1.9198575222002032;-2.396773395301213e-06;2.45172587173669e-06;-1.8798222708244806e-06;-2.727904537700629;-11.13937425217421;-4.242081709821422;-11.484156251860943;-0.18097930179288063;-0.12880113874110893;-0.15925597511082426;-0.13138278296142156;44.824828454491
0.10799999999999998;382.72013719390566;-28.587422759774377;578.2228536215721;-0.03429630725442667;0.5015349104847494;-0.019202241847837195;0.004309466687824347;-1.921419999560155;1.919854299647739;-1.1983866976506066e-06;6.129537847544142e-06;-3.759644541648961e-06;-4.774184767048789;-11.23739006526593;-4.206831408699648;-11.480534401190276;-0.18160020019760464;-0.12872842948326527;-0.18460720976679332;-0.13257535275669108;73.38659044848299
0.11999999999999998;382.40648602645524;-29.75525735966488;578.5722708832194;-0.03733804139311656;0.5005738561934399;-0.019172892918905678;0.007365292315476865;-1.9223816967557332;1.9198521510838746;-0.0;8.581263719280832e-06;-1.8798222708244806e-06;-6.992053538719314;-11.201760665720752;-4.166140355077761;-11.476342222184815;-0.18209291274606274;-0.1287000323377163;-0.21413353333338056;-0.1320834462360413;104.89105137192912
0.13199999999999998;382.00071082439075;-31.245994214687745;579.014208834632;-0.04122318050361282;0.4993581377281314;-0.019125723528090555;0.011273059766783784;-1.923606539466621;1.9198532254635843;-1.1983866976506066e-06;1.593666450269332e-05;-5.639466812473442e-06;-9.443538036079653;-12.448572049717418;-4.119953039023251;-11.471580850164019;-0.18257041704845048;-0.1286669929140181;-0.24306681420847132;-0.1323989605706676;133.9117400447468
0.144;381.4936855527457;-33.03313463921147;579.5641095232913;-0.04589264999673224;0.4978429535513299;-0.01907405868525901;0.015967235242249026;-1.9251262321989266;1.9198521510838746;-1.1983866976506066e-06;2.0840339414369115e-05;-5.639466812473442e-06;-11.51877048357733;-11.264131748567799;-4.068206190234193;-11.4662512065183;-0.18297087620238367;-0.12862477000293268;-0.26975719665599457;-0.13292303968731534;161.44607426989313
0.156;380.8739014456612;-35.13641600709548;580.2283433971207;-0.051402414399380814;0.4960107965522584;-0.019013062426827782;0.021506070762616042;-1.9269608541268897;1.91984892853141;-0.0;2.5743791157842494e-05;-5.639466812473442e-06;-12.725777184446729;-11.193161321270695;-4.010828735645106;-11.460353818986091;-0.1833109917580228;-0.1285767230685001;-0.28577060565511997;-0.1320888445141225;190.92485796065156
0.168;380.13850124630596;-37.57702598111447;580.9986503695254;-0.05781501465581038;0.4938799205395497;-0.018941463812699594;0.027952673677865143;-1.9290882127118705;1.9198457057833909;-1.1983866976506066e-06;2.451792822197415e-05;-3.759644541648961e-06;-13.376583083180265;-11.103906641184023;-3.9477417562227908;-11.45388861902228;-0.1835915194709424;-0.12852245872879228;-0.29287483710190226;-0.13096590270844644;221.90405845640913
0.18000000000000002;379.28574709725996;-40.28816283553563;581.8741858493918;-0.06496745426105294;0.49145551630812184;-0.018868440781145822;0.03513956771616879;-1.9315125346826687;1.9198435574150814;1.1983866976506066e-06;2.5743791157842494e-05;1.8798222708244806e-06;-13.785533425263512;-11.05169167545277;-3.6980032655459545;-11.391260270219492;-0.18381043808195655;-0.1284618486851488;-0.2986807991155403;-0.13031349077239265;247.8240710114938
0.19200000000000003;378.30639878323785;-43.29427160431689;582.8558001301873;-0.07292750266080657;0.488726637036149;-0.018778354244921497;0.04314199600993024;-1.9342327634532779;1.9198435574150814;1.1983866976506066e-06;1.593666450269332e-05;3.759644541648961e-06;-13.904626743368054;-11.707388188166135;-3.128570273388302;-11.232234564374622;-0.18355327933299453;-0.1283163260639513;-0.30082137240916246;-0.1311049497260154;275.8746124154981
0.20400000000000004;377.19183872737074;-46.64352996556041;583.9335631324346;-0.08184177228272509;0.48572457991783646;-0.0186907407470442;0.052097094380744766;-1.9372235357651069;1.9198435574150814;-0.0;3.677588807605035e-06;1.6918742658842287e-05;-14.71840410460564;-11.590865633575188;-2.546594088422659;-11.072001166313562;-0.18009967976174934;-0.12758884991000363;-0.30957560230911757;-0.1298696429532234;307.5592596546832
0.21600000000000005;375.9443392219579;-50.25363126955694;585.1016384241686;-0.09149843189325084;0.4824652797005231;-0.018588990961212047;0.06180097920951598;-1.940475339843073;1.9198446315992361;1.1983866976506066e-06;-6.129537847544142e-06;2.2558551692737687e-05;-14.700435612196221;-12.179732238597621;-2.1406430449608718;-10.967967707282334;-0.17106035220437119;-0.12595507705292064;-0.3095504850050615;-0.12960764149763523;332.84846037790754
0.22800000000000006;374.5698027237188;-54.101920262266006;586.3396868807738;-0.10185289317809113;0.4790050519274644;-0.018483758424642508;0.07220389314761931;-1.9439385061407746;1.9198500027155647;1.1983866976506066e-06;-9.807126655149177e-06;3.195800526828205e-05;-15.020812663833032;-12.073613584598041;-2.0455963691927357;-10.96052454142597;-0.1599472837287226;-0.1241798501691699;-0.3110394024734267;-0.12836695227824207;355.8191099845809
0.24000000000000007;373.08809402006955;-58.07026211872366;587.6315149669333;-0.11260277222259296;0.4753936287019471;-0.018382139385953483;0.08300001120826568;-1.9475686484266141;1.9198553738318938;4.7937649567589255e-06;2.45172587173669e-06;4.5117103385475374e-05;-14.193028912366186;-11.496168099535693;-1.956023476712549;-10.954635982818964;-0.15172955056681176;-0.1230411347314075;-0.2993825617471299;-0.12236101633614661;369.04547705519855
0.25200000000000006;371.52356327533084;-62.128915334238535;588.9457933005947;-0.12366753040935416;0.4717130442106974;-0.018273216948553724;0.09411409025905182;-1.951266426453469;1.9198553738318938;3.5951600929518194e-06;1.8388390374430007e-05;5.82762015026687e-05;-13.17766577141184;-10.932253109436633;-1.8664211072080015;-10.948589872864343;-0.14880588308763557;-0.1228144126459999;-0.2821619870026133;-0.12266590748562112;378.6649570312318
0.26400000000000007;369.8990382971742;-66.1878778138528;590.2689640634649;-0.13480878606953167;0.4679942093147888;-0.01815845992470689;0.10530705288976201;-1.9549895679313007;1.9198521510838746;3.5951600929518194e-06;2.451792822197415e-05;6.579583280738858e-05;-12.536991747244475;-10.188980889577989;-1.7767905438082483;-10.9423862769813;-0.14799223418922786;-0.12280679385796231;-0.2724041809627762;-0.12028049528057072;380.65220273668245
0.2760000000000001;368.2233976570433;-70.19495604379888;591.5984196737755;-0.14588866372822754;0.46424248952531516;-0.018038844359901298;0.11644054950172374;-1.9587391296385033;1.9198521510838746;3.5951600929518194e-06;2.0840339414369115e-05;6.955547734903754e-05;-10.879022736322261;-10.564001435784752;-1.6871330701581697;-10.936025263043998;-0.14707620352993972;-0.12274268598550753;-0.253299569617947;-0.11825875324649737;378.5195884854275
0.2880000000000001;366.50419407695574;-74.16722442095896;592.9222688243455;-0.15695123871117303;0.4604941086142573;-0.017912733650537468;0.1275594829980357;-1.962474952841824;1.91984892853141;4.7937649567589255e-06;9.807126655149177e-06;6.579583280738858e-05;-10.285670335927213;-9.928675098407808;-1.5974499704125997;-10.929506901386208;-0.14607243404288348;-0.12267199735666004;-0.24410237821014302;-0.11721039227192553;377.18947150155543
0.3000000000000001;364.7503934373594;-78.09459685989728;594.2279584928201;-0.16796999597831258;0.45678306235871147;-0.01778564318096328;0.13863472736832622;-1.9661727308686787;1.91985107689972;3.5951600929518194e-06;-7.355400783412486e-06;6.203584604431766e-05;-10.036283759105759;-11.080141279237026;-1.5077425292305806;-10.922831264805847;-0.14508459692982664;-0.12260303901942306;-0.2397268241395436;-0.11776134442452289;374.5821386399801
0.3120000000000001;362.9454463747754;-82.00628705157852;595.5270166620767;-0.17903010440138942;0.4530868063939187;-0.01765798562713095;0.1497512335314114;-1.9698736792307123;1.9198564480160485;4.7937649567589255e-06;-9.807126655149177e-06;5.451655696101974e-05;-9.973257642915629;-11.198056884831042;-1.418012031724821;-10.915998428555678;-0.14409752768859294;-0.12253184682813582;-0.24133861992618785;-0.119082435283501;374.9694971812471
0.3240000000000001;361.096988375149;-85.87199669801615;596.8226265404479;-0.1900471680391603;0.4493950431871017;-0.01752335078739168;0.16082769145785142;-1.9735756845635255;1.9198585963843582;4.7937649567589255e-06;-3.677588807605035e-06;4.135745884382641e-05;-8.925427826711896;-11.258754199187191;-1.3282597634558964;-10.909008470347779;-0.14310876419252172;-0.12245874174452803;-0.2290637940022766;-0.11994362502012362;373.0422289126314
0.33600000000000013;359.1895832550177;-89.73700484105245;598.121186687332;-0.2011546296099722;0.44569093448860414;-0.017391636305577093;0.17199274141341164;-1.9772977692629645;1.9198575222002032;3.5951600929518194e-06;1.3484938630956627e-05;3.195800526828205e-05;-7.765314905075459;-10.098081322491536;-1.2384870104264403;-10.901861470357936;-0.14211990582996648;-0.12238393071126796;-0.2167358256062173;-0.11920553863470944;375.1179475701841
0.34800000000000014;357.2393601429937;-93.5665219615631;599.4153254898256;-0.2122519021500116;0.44198574280917335;-0.017255633340309353;0.1831492962549975;-1.981011399350487;1.9198553738318938;-0.0;2.206620235023746e-05;2.0678729421913205e-05;-7.485992299837398;-9.939298630770672;-1.1486950590305702;-10.894557511216181;-0.14113085024566252;-0.12230735774348306;-0.21185535566547475;-0.11726398863510586;374.01134910077275
0.36000000000000015;355.24834085168425;-97.34696357512756;600.7079330890895;-0.22330629601719384;0.43827065617330924;-0.017123009096695948;0.19426094841441235;-1.9847250296303958;1.9198532254635843;1.1983866976506066e-06;2.0840339414369115e-05;7.519631304719882e-06;-5.512078840992509;-9.756338074890543;-1.0588851960480472;-10.887096678011128;-0.14014153252771405;-0.12222902089789212;-0.189430731366554;-0.11507098276623669;371.99472322264563
0.37200000000000016;353.20757503577636;-101.0922719075244;602.0056872606696;-0.23436076008419443;0.434525664148197;-0.016992145854899752;0.20537138679674993;-1.9884608528337164;1.9198532254635843;-1.1983866976506066e-06;9.807126655149177e-06;0.0;-3.75351092893463;-10.280174372598186;-0.9690587086384639;-10.879479058294207;-0.13915198831484993;-0.12214892514833962;-0.17034424568165155;-0.11511375851517004;371.523002544285
0.3840000000000002;351.139196040081;-104.78294444290339;603.2863656502154;-0.24535491023248607;0.4308182336992233;-0.016868951697945448;0.2164175047148132;-1.9921586308605712;1.9198553738318938;-0.0;-3.677588807605035e-06;-5.639466812473442e-06;-3.2139857989543557;-10.821003290632706;-0.8792168842905665;-10.871704742070039;-0.138162232864215;-0.12206707085878367;-0.16056714199715102;-0.11510841503063884;368.3615395591333
0.3960000000000002;349.0218006556595;-108.46872654579259;604.5581100668533;-0.25643311156518583;0.42712835321757364;-0.016748229935938115;0.2275461468812491;-1.9958447839403302;1.9198585963843582;-1.1983866976506066e-06;-1.2259075695088283e-05;-7.519631304719882e-06;-2.513691738376093;-11.02186154937435;-0.7893610108164455;-10.863773821800642;-0.13717227880462476;-0.12198345882677518;-0.15390577710809875;-0.11728010456249728;369.7379556577112
0.4080000000000002;346.86764571703014;-112.10091450104098;605.8223555563129;-0.2674603551046578;0.4234576474346273;-0.016631889240789677;0.2386213912515396;-1.9995288234633033;1.9198618191323775;-1.1983866976506066e-06;-3.677588807605035e-06;-7.519631304719882e-06;-2.782659935683899;-11.067809584981685;-0.699492376345646;-10.855686392409478;-0.1361821405371634;-0.12189809009731904;-0.1575594870175847;-0.11780431466586017;367.34302355716574
0.4200000000000002;344.66286125436216;-115.7166360238385;607.0864011488457;-0.278549850232226;0.4197808981988058;-0.016528056338020576;0.2497524605302745;-2.003220260627414;1.9198618191323775;-1.1983866976506066e-06;9.807126655149177e-06;3.759644541648961e-06;-2.3225053124094033;-10.49555011427684;-0.6096122692744714;-10.847442551271724;-0.1351918323133232;-0.12181096567739995;-0.15277942499426203;-0.11770260865895464;368.29494122767835
0.4320000000000002;342.4239761448175;-119.29299455596043;608.339224611657;-0.2896254509389718;0.4161262160722769;-0.016422459400207392;0.260870180470437;-2.0068873913113263;1.9198607449482228;-0.0;2.206620235023746e-05;1.1279275846368843e-05;-3.1878566300833153;-9.894530101407142;-0.5197219782601881;-10.839042398218279;-0.1342013683039454;-0.12172208659978599;-0.16095730203243414;-0.1167345484828153;366.7851435124392
0.44400000000000023;340.13620748506634;-122.84429067770459;609.5977219350372;-0.3007395588098594;0.4124397462874311;-0.01632028912461966;0.2720243081997238;-2.010567203528341;1.9198553738318938;1.1983866976506066e-06;1.9614476478500768e-05;2.2558551692737687e-05;-2.804657381039089;-9.637935109671101;-0.4298227922150004;-10.830486035539693;-0.13321076270838975;-0.12163145392886111;-0.15864098069243282;-0.11381935294339608;367.32332071989794
0.45600000000000024;337.8212002888606;-126.3253621433224;610.8500170088735;-0.3117569148746987;0.4087566864824974;-0.01622058585627161;0.2830801350088387;-2.0142427884393976;1.9198553738318938;2.396773395301213e-06;1.1032989591017523e-05;3.571764980993101e-05;-3.0927944027564718;-10.137775837863265;-0.339916000255462;-10.821773567976264;-0.13222002972943975;-0.12153906875591412;-0.1610148982824369;-0.11341284822642256;363.674910998055
0.46800000000000025;335.4706837548214;-129.77413231988317;612.0913950542243;-0.32278297218683233;0.40509215758748107;-0.01611565794117921;0.29414688404422706;-2.0178972373978215;1.9198575222002032;3.5951600929518194e-06;-2.45172587173669e-06;4.323728111465089e-05;-4.788390071537601;-10.690860897706456;-0.2500028916965018;-10.812905102721896;-0.1312291835716464;-0.12144493220014199;-0.17967291044329817;-0.11372314587961901;362.858661929753
0.48000000000000026;333.07359766574905;-133.19369849609427;613.3322322154942;-0.33383991261711937;0.4014196428869834;-0.016013573641138437;0.30524275931091494;-2.021565424667741;1.9198618191323775;3.5951600929518194e-06;-1.2259075695088283e-05;5.451655696101974e-05;-6.066777399554031;-10.850435278266975;-0.16008475604555672;-10.803880749427895;-0.13023823844287555;-0.1213490454074861;-0.19651932123236449;-0.11541882694418766;363.04203807273785
0.49200000000000027;330.6387652883571;-136.5670562620344;614.5695352889459;-0.3448734981626386;0.39775352303104455;-0.01590517522864005;0.31631800346027766;-2.0252399529927905;1.919863967500687;4.7937649567589255e-06;-7.355400783412486e-06;5.82762015026687e-05;-7.291757121832971;-10.968622274016576;-0.07016288295174755;-10.79470062019288;-0.12924720855218166;-0.12125140955206178;-0.21033144413575067;-0.1168202520452085;361.69805826793083
0.5040000000000002;328.15390092651506;-139.91028070100177;615.8110236194702;-0.3559383572747568;0.39406766522982706;-0.01578784094443997;0.3274284418426152;-2.0289419581332173;1.9198650416848417;3.5951600929518194e-06;6.129537847544142e-06;5.639637923184422e-05;-7.069576293713324;-10.9160155859829;0.019761437799898474;-10.785364829566515;-0.12825610811155547;-0.12115202583516232;-0.20902653680612757;-0.11622658402088398;362.2172603528216
0.5160000000000002;325.63094598929996;-143.2121924218759;617.0515836225054;-0.3670006375700893;0.3903741523222962;-0.01567192131330962;0.3385352395565043;-2.0326471339935956;1.9198628933165323;3.5951600929518194e-06;1.8388390374430007e-05;5.451655696101974e-05;-7.327484777346152;-9.803205768896252;0.1096869162945433;-10.775873494553144;-0.1272649513351034;-0.12105089548551172;-0.21065121691610558;-0.1157291514277583;361.3911337326526
0.5280000000000002;323.0698902112196;-146.50331227372354;618.2773274145396;-0.3781399626103503;0.3867100954981246;-0.015549192044605442;0.3497221341855391;-2.0363110939575564;1.9198585963843582;3.5951600929518194e-06;2.0840339414369115e-05;4.5117103385475374e-05;-9.03868486857637;-9.629974033382917;0.19961226253818154;-10.766226734601544;-0.1262737524384005;-0.12094801975952466;-0.22787847166975403;-0.11365375887304115;362.2165950870264
0.5400000000000003;320.48352725582805;-149.70712929384305;619.5118316571002;-0.3891446136221345;0.38300334766348043;-0.01542553113354565;0.36077432010527777;-2.040008871984411;1.9198564480160485;3.5951600929518194e-06;1.2259075695088283e-05;3.571764980993101e-05;-9.641232018370758;-9.5038062233175;0.2895361864636401;-10.756424671608505;-0.12528252563839926;-0.12084339994079607;-0.23921312464438851;-0.11202229928202674;358.2142945599502
0.5520000000000003;317.8520761644867;-152.8862803568394;620.7442834085768;-0.4002001787094924;0.37928888562173163;-0.015295986075130356;0.37187990426301726;-2.04371299087401;1.9198564480160485;3.5951600929518194e-06;-0.0;2.0678729421913205e-05;-10.696646227089323;-10.05296267579123;0.3794573979364877;-10.746467429922323;-0.12429128515391549;-0.12073703734067905;-0.2499204967138271;-0.11256796919519374;358.9188368162103
0.5640000000000003;315.18324700926195;-156.0137186884157;621.978076162884;-0.41123154304883563;0.37555657766583234;-0.01516574522306418;0.38296121641405534;-2.0474414164361936;1.9198628933165323;1.1983866976506066e-06;-1.2259075695088283e-05;7.519631304719882e-06;-9.359483515776676;-10.681508895249518;0.4693746068058897;-10.73635513633238;-0.12330004520420104;-0.12062893329775953;-0.2354900572200931;-0.1134773317890927;357.7103481582265
0.5760000000000003;312.4785811025482;-159.09853628238443;623.2090181075323;-0.42226447642204046;0.37182932147039605;-0.015038057351377867;0.3940425285650935;-2.051174069304335;1.919863967500687;-1.1983866976506066e-06;-9.807126655149177e-06;-3.759644541648961e-06;-9.665945457604073;-10.829457602088157;0.5592865229104245;-10.726087920072601;-0.12230882000928799;-0.1205190891780936;-0.23792041914705964;-0.11544578107889258;356.9404615691093
0.5880000000000003;309.74252689845;-162.15341897006581;624.4243810039068;-0.43332994817852555;0.3681413920843773;-0.01491448903817889;0.40515418050358054;-2.0548781881939346;1.9198661160645518;-1.1983866976506066e-06;2.45172587173669e-06;-1.5038920388017806e-05;-9.19150769410432;-10.825782138128076;0.649191856084208;-10.71566591282475;-0.12131762379090547;-0.12040750637526583;-0.23048104465683383;-0.11519440969177812;356.4427596937185
0.6000000000000003;306.9685045369981;-165.16574767641683;625.6430667749507;-0.4444037511851143;0.36443561008699465;-0.014794733139081282;0.41627190044374296;-2.058594988809022;1.9198607449482228;-1.1983866976506066e-06;1.7162527438561664e-05;-2.2558551692737687e-05;-8.614055837779164;-9.712479755268356;0.7390893162075525;-10.705089248707914;-0.12032647076944654;-0.12029418631002843;-0.22615023864853478;-0.11480395526852265;356.0442289564271
0.6120000000000003;304.1626689973317;-168.1452474098419;626.8515851790806;-0.4555058730423836;0.3607431088782523;-0.014677712490355798;0.42741631928197815;-2.062291710057484;1.919859670764068;-1.1983866976506066e-06;2.0840339414369115e-05;-2.819801850521113e-05;-9.89621433795513;-9.517609578447876;0.8289776132130031;-10.694358064281737;-0.11933537516657396;-0.12017913043076765;-0.23911619336385928;-0.112113399083891;355.61613349295874
0.6240000000000003;301.32431368950506;-171.06144149354935;628.0701116474804;-0.4665593307220578;0.3570047413860471;-0.014564341737887187;0.43850976743636694;-2.0660233059548463;1.9198575222002032;-2.396773395301213e-06;1.4710801566824973e-05;-2.819801850521113e-05;-8.315830700658475;-9.441366206731985;0.9188554570912704;-10.683472498549635;-0.11834435120405651;-0.12006234021320251;-0.2239877766538481;-0.11139128492435513;353.99755990015325
0.6360000000000003;298.45324310372183;-173.92966926272913;629.2890803704759;-0.47760743540421713;0.3532493928571939;-0.014456553253657111;0.44959472047678134;-2.069766526799304;1.9198575222002032;-0.0;1.225862935868345e-06;-2.6318196234386648e-05;-7.072974542803071;-9.950332578606725;1.0087215579420779;-10.67243269294806;-0.11735341310221914;-0.11994381716023941;-0.20828217953414926;-0.11141804574375981;353.1176747512716
0.6480000000000004;295.55701206294543;-176.7589559833446;630.4936104123353;-0.48866660937129214;0.349524602779587;-0.014356075490687629;0.4606869548540929;-2.0734843841927852;1.9198628933165323;-1.1983866976506066e-06;-1.2259075695088283e-05;-1.5038920388017806e-05;-5.5430692123392475;-10.59567033363415;1.0985746259800302;-10.661238791349648;-0.11636257508135511;-0.11982356280226783;-0.18836548798489436;-0.11260020960756605;352.0171032435285
0.6600000000000004;292.63829044012834;-179.5345224929401;631.6904223725305;-0.499692359245305;0.3458175509928893;-0.014253694916396569;0.4717464223316564;-2.0771959007235217;1.9198661160645518;-1.1983866976506066e-06;-1.2259075695088283e-05;-7.519631304719882e-06;-5.063543530271917;-10.753208486993442;1.188413371540717;-10.649890940066213;-0.11537185136191361;-0.11970157869705722;-0.1838613538225351;-0.11452589401191919;350.1494117776593
0.6720000000000004;289.679256332369;-182.27776942262258;632.8851267671666;-0.5107700176822251;0.34210949658329876;-0.014159972416346988;0.4828532200455454;-2.0809169286445677;1.919868264432861;1.1983866976506066e-06;-2.45172587173669e-06;5.639466812473442e-06;-4.333190517399795;-10.773967562635406;1.2782365051314148;-10.638389287837914;-0.11438125616174606;-0.11957786642944118;-0.17631114333679462;-0.11471316312586645;350.67994321745624
0.6840000000000004;286.69544000307803;-184.98119359089551;634.0693625891884;-0.5218578287467853;0.3384266782364668;-0.014066683390632516;0.4939697264295583;-2.0846147066714225;1.9198650416848417;1.1983866976506066e-06;1.4710801566824973e-05;2.0678729421913205e-05;-3.308047420089676;-9.616196512928076;1.3680427374370938;-10.626733985836207;-0.11339080369797735;-0.11945242761190475;-0.16249650708072164;-0.11359523471771422;349.74272584455446
0.6960000000000004;283.6801446323398;-187.6446698956398;635.2510947665636;-0.5329643578297906;0.33473385584179544;-0.013968683893802568;0.5051068637099686;-2.088311427919884;1.9198628933165323;2.396773395301213e-06;1.9614476478500768e-05;3.007818299745757e-05;-3.513192790671284;-9.540308948430074;1.4578307793263787;-10.61492518766672;-0.11240050818781183;-0.1193252638840732;-0.16613085373831407;-0.11248795344685607;349.4301197039091
0.7080000000000004;280.64436764023685;-190.25305616201447;636.4302411834774;-0.5440385041098745;0.3310333228096526;-0.013870694733206727;0.5162112340906309;-2.0920049786407806;1.919859670764068;3.5951600929518194e-06;1.4710801566824973e-05;3.947729435157997e-05;-2.99209563877896;-9.49477229631087;1.547599341902404;-10.602963049358232;-0.11141038384407087;-0.11919637691256824;-0.1599560337687657;-0.11202259145923597;347.7108356235793
0.7200000000000004;277.5880218205285;-192.8063279618495;637.6049743415019;-0.5550773338830052;0.32732896311873805;-0.013761804619022416;0.5272852646838441;-2.0956995863324566;1.9198607449482228;3.5951600929518194e-06;2.45172587173669e-06;3.947729435157997e-05;-2.4660394270139823;-10.417459319922202;1.6373471365086507;-10.59084772936551;-0.11042044487901614;-0.11906576839144122;-0.1540945171600104;-0.11074415254063125;346.013450548649
0.7320000000000004;274.4958322707427;-195.31658824285557;638.7826592692072;-0.566141306377879;0.32360221392506366;-0.01365377690441565;0.5383835672837587;-2.099415330169151;1.9198618191323775;4.7937649567589255e-06;-1.1032989591017523e-05;3.947729435157997e-05;-0.8414013661091141;-10.508282007593005;1.7270728747350834;-10.578579388571999;-0.10943070550350942;-0.11893344004235179;-0.13643940163524512;-0.11185142875848102;346.1091709118745
0.7440000000000004;271.38548309116345;-197.76998023498712;639.9535888605053;-0.5771675286618569;0.31988652337409124;-0.013539960676651377;0.5494466754297708;-2.1031321307842386;1.9198650416848417;3.5951600929518194e-06;-1.4710801566824973e-05;3.571764980993101e-05;0.3502746479878318;-10.723706095557581;1.8167752684688059;-10.56615819027867;-0.10844117992444975;-0.11879939361340904;-0.12187424148221228;-0.1140713270820457;344.2431321137863
0.7560000000000004;268.2524175401922;-200.1870559026494;641.1106145130647;-0.5882177876812869;0.31620746670000655;-0.013422905630633577;0.5605352691386337;-2.106822511169956;1.9198661160645518;3.5951600929518194e-06;-6.129537847544142e-06;2.6318196234386648e-05;-0.04436262414164727;-10.722805793856484;1.9064530299000966;-10.55358430020668;-0.10745188234694832;-0.1186636308806279;-0.1244276826875668;-0.11420513660605142;343.56244979664973
0.7680000000000005;265.0900490460387;-202.567508207905;642.2603326800881;-0.5993047937591217;0.3125434701141658;-0.013306050049822108;0.5716602706366211;-2.1105054939145362;1.9198650416848417;1.1983866976506066e-06;1.2259075695088283e-05;1.8798907151088726e-05;0.594475734124201;-9.63762974016109;1.9961048715283223;-10.540857886499937;-0.10646282697334672;-0.11852615364666269;-0.11874463797460222;-0.11373976351081744;343.4807454437655
0.7800000000000005;261.8968571497334;-204.90076113308268;643.4148878272824;-0.6104051709501497;0.3088485594702903;-0.013185780322132636;0.5827998352502581;-2.1142064422765703;1.9198607449482228;3.5951600929518194e-06;2.0840339414369115e-05;3.759644541648961e-06;0.44857057213443263;-9.523626063546903;2.0857295062128083;-10.527979119713766;-0.10547402800256933;-0.11838696374155282;-0.12175872196036562;-0.1124345915315964;343.3246458479466
0.7920000000000005;258.6990012065321;-207.18121561595493;644.5554834471678;-0.6214638493956585;0.3051793461296412;-0.013064260577431677;0.5938981378501728;-2.117870402432917;1.9198585963843582;-0.0;1.593666450269332e-05;-7.519631304719882e-06;0.30840753030491436;-9.353260969697496;2.175325647178642;-10.51494817281744;-0.10448549963014372;-0.1182460630225062;-0.12001173873162024;-0.11024675278299079;340.8293944272783
0.8040000000000005;255.46720024037546;-209.4105118569297;645.7052663535483;-0.6325362119480966;0.30146473081090586;-0.012942265523145289;0.6050097897886598;-2.1215724077657305;1.9198564480160485;-1.1983866976506066e-06;3.677588807605035e-06;-2.0678729421913205e-05;0.7964082834897522;-9.366810575334842;2.2648920080227777;-10.501765221196576;-0.10349725604835071;-0.11810345337332738;-0.11925641142053867;-0.11047681444241675;340.9168566744007
0.8160000000000005;252.24241865434337;-211.57989099772666;646.8341378861785;-0.6435333646504886;0.2978018967584704;-0.012825217163919062;0.6160437717033724;-2.125228970088554;1.9198607449482228;-1.1983866976506066e-06;-8.581263719280832e-06;-3.195800526828205e-05;-0.4667817884662699;-10.420958687493076;2.3544273027646994;-10.488430442641658;-0.10250931144564693;-0.11795913670574168;-0.1281581028975182;-0.11070683135477709;337.2660998809471
0.8280000000000005;248.99117576609208;-213.71888098294943;647.9518536143953;-0.6545889925063367;0.29416627784449423;-0.012715693944831232;0.6271323654122354;-2.1288633394879652;1.9198628933165323;-2.396773395301213e-06;-1.3484938630956627e-05;-3.571764980993101e-05;-2.25902089959249;-10.656607976230408;2.4439302458523846;-10.474944017350415;-0.10152168000611633;-0.1178131149579154;-0.1502090230795822;-0.11349909149420168;337.4243396609098
0.8400000000000005;245.71936093425248;-215.81815499304986;649.0581592319788;-0.6656695492207239;0.2905585402955116;-0.012609664135022559;0.6382440175716503;-2.1324818568267094;1.9198661160645518;-1.1983866976506066e-06;-7.355400783412486e-06;-3.947729435157997e-05;-7.464882674330865;-10.66614772240262;2.5333995521682584;-10.461306127930053;-0.10053437591054694;-0.11766539009519762;-0.21092833969154637;-0.11349378831041525;336.81139111728265
0.8520000000000005;242.4197115757003;-217.8597063056664;650.1726587113437;-0.6767458003373856;0.28691471764075166;-0.012506139448936972;0.649349601508462;-2.136141589677098;1.9198671902487066;-2.396773395301213e-06;6.129537847544142e-06;-3.7597472080755495e-05;-7.910319785965202;-10.55496725294506;2.622833937079943;-10.44751695938563;-0.0995474133335041;-0.11751596410980254;-0.21944293330820763;-0.1124186329994231;336.4203560363914
0.8640000000000005;239.0854853236328;-219.8529344531325;651.2960370557025;-0.6878561184747423;0.2832294063911519;-0.01240409025766862;0.6604879525659496;-2.1398383109255597;1.9198650416848417;-1.1983866976506066e-06;1.8388390374430007e-05;-3.571764980993101e-05;-8.844432778194768;-9.542017716310822;2.7122321164460996;-10.433576699122288;-0.09856080644604494;-0.11736483902108162;-0.23014443269271512;-0.11264865617253607;336.98007038134256
0.8760000000000006;235.7287798363987;-221.7846892221353;652.4301593523385;-0.6989502082524;0.279491322359585;-0.012307168197793848;0.6716068860622615;-2.1435720205720945;1.9198607449482228;-1.1983866976506066e-06;1.7162527438561664e-05;-2.6318196234386648e-05;-8.329504880898837;-9.407783357409237;2.801592806622467;-10.419485536947324;-0.09757456941442183;-0.11721201687524128;-0.22427200295191851;-0.11103318643623505;336.2929166767671
0.8880000000000006;232.35158391748092;-223.66479614369882;653.5652937077184;-0.7100491500881002;0.27573177954244127;-0.012211732350806874;0.6827294602270221;-2.1473184117517317;1.9198575222002032;-1.1983866976506066e-06;6.129537847544142e-06;-1.5038920388017806e-05;-7.400919898916484;-9.34745129871114;2.8909147245124727;-10.405243665058423;-0.09658871639967657;-0.11705749974555052;-0.21215596831207942;-0.1102147979884896;335.7080414948193
0.9000000000000006;228.9861392244061;-225.4727055723738;654.6898630845267;-0.7210427756958452;0.27198743045650653;-0.012121233482533366;0.6937440250224145;-2.1510531781766593;1.9198628933165323;1.1983866976506066e-06;-9.807126655149177e-06;-1.8798222708244806e-06;-7.342568901632431;-10.350818592289423;2.9801965875731797;-10.39085127804573;-0.09560326155692991;-0.11690128973225043;-0.21007012420559334;-0.10988853610734844;331.8656280532901
0.9120000000000006;225.58828135959186;-227.25401673225346;655.8050976732059;-0.7321274090252863;0.26826467004102933;-0.012030297541651766;0.7048496089592263;-2.154775262876098;1.9198661160645518;2.396773395301213e-06;-1.4710801566824973e-05;1.1279275846368843e-05;-7.298337671671825;-10.5271074189856;3.0694371138211687;-10.376308572893757;-0.09461821903634059;-0.11674338896194822;-0.20946196056850375;-0.11211921600730168;332.9399285581841
0.9240000000000006;222.17699638936315;-228.98363109306652;656.9152894484906;-0.7432057795134052;0.2645486072612241;-0.011935924801931277;0.71595033867144;-2.1584984043539306;1.9198671902487066;3.5951600929518194e-06;-9.807126655149177e-06;2.0678729421913205e-05;-6.762892433027434;-10.671572073134373;3.158635021883266;-10.361615748969488;-0.09363360298114605;-0.11658379958846242;-0.20403017659070996;-0.11365980473936495;331.8818030000706
0.9360000000000006;218.75037545509417;-230.66837311281037;658.0169032497813;-0.7543001489208734;0.26084965324083575;-0.011839110629699693;0.7270680586116024;-2.1622130914122324;1.919868264432861;3.5951600929518194e-06;3.677588807605035e-06;2.819801850521113e-05;-6.0912443026794385;-10.64349801850851;3.247789031002304;-10.346773008024279;-0.09264942752915876;-0.11642252379236617;-0.19567491518055102;-0.11329070280618776;331.17676751169824
0.9480000000000006;215.30897389621666;-232.29708904998483;659.1206851778306;-0.7653844132775582;0.2571292782817365;-0.011738099492523463;0.7381772832168627;-2.1659436305312014;1.9198661160645518;3.5951600929518194e-06;1.4710801566824973e-05;3.195800526828205e-05;-5.207300715797729;-9.527522705484609;3.336897861043123;-10.331780554195628;-0.0916657068124488;-0.11625956378098574;-0.18683894290367653;-0.11247769258216185;330.34382935047626
0.9600000000000006;211.84498719641175;-233.88402820584534;660.2228940906572;-0.7765117814178846;0.2533983760502376;-0.011635100554909092;0.7493301973900001;-2.169674169650171;1.9198607449482228;3.5951600929518194e-06;1.8388390374430007e-05;3.383782753910653e-05;-4.293798850324223;-9.389734842947464;3.4259602325431335;-10.316638593995124;-0.09068245495566958;-0.11609492178844362;-0.17534169277632797;-0.11085689743085247;330.53454134131954
0.9720000000000006;208.38916962419844;-235.40730703226814;661.3181592206399;-0.7875645726178763;0.24966765371500924;-0.011525468413744883;0.7604115095410381;-2.1733941407928237;1.9198607449482228;2.396773395301213e-06;6.129537847544142e-06;3.007818299745757e-05;-2.8722133428466847;-9.778845053736799;3.514974866718182;-10.301347336310172;-0.08969968607702535;-0.1159286000757206;-0.15821914706213527;-0.10939121479083191;327.68822953368795
0.9840000000000007;204.93930035809154;-236.88373901227442;662.3970192531377;-0.798588540862015;0.24597665036581715;-0.011413930531382835;0.7714649090169262;-2.1770707824822733;1.9198607449482228;3.5951600929518194e-06;-9.807126655149177e-06;2.0678729421913205e-05;-4.388503280631361;-9.85913147675071;3.6039404854683905;-10.285906992405648;-0.08871741428777;-0.1157606009300753;-0.17383740962842162;-0.11046645912325725;325.3778577957382
0.9960000000000007;201.46896969680165;-238.3150926597065;663.4716245163297;-0.8096456974563518;0.2422872227699018;-0.011295336740325245;0.7825547165028665;-2.1807579925328118;1.9198628933165323;1.1983866976506066e-06;-1.593666450269332e-05;7.519631304719882e-06;-4.009311291787916;-10.44872552505195;3.692855811428775;-10.270317775911675;-0.08773565369174027;-0.11559092666561879;-0.172519459580908;-0.11114579460639436;325.3923312425012
1.0080000000000007;197.98235307658487;-239.69343752737456;664.5459138579072;-0.8207178343272586;0.23858590434378726;-0.01118651195093899;0.7936542324380029;-2.184466338535983;1.9198671902487066;1.1983866976506066e-06;-1.4710801566824973e-05;1.8798222708244806e-06;-3.0433017312250468;-10.619362975655532;3.7817195679750264;-10.254579902825194;-0.08675441838537616;-0.11541957962314883;-0.16196775647119063;-0.11295923383801093;325.00456573285646
1.0200000000000007;194.48225943153815;-241.02389501721936;665.6156568003867;-0.8318046014309096;0.23489208240420217;-0.01106759199231189;0.8047731659343149;-2.1881767982883265;1.9198661160645518;-0.0;1.225862935868345e-06;-1.3159098117193324e-05;-2.3007547971746907;-9.500381961626344;3.8705304792293482;-10.238693591511487;-0.08577372245775887;-0.11524656217007602;-0.15228041029894973;-0.11222643237270406;324.52018379837295
1.0320000000000007;190.96970670193434;-242.29026062533677;666.6931167867884;-0.842874251553558;0.2311557811662367;-0.010949597175787192;0.8158738956465285;-2.191928473744701;1.9198650416848417;-1.1983866976506066e-06;1.593666450269332e-05;-2.6318196234386648e-05;0.3667272016096845;-9.468107214249699;3.9592872701109956;-10.222659062691774;-0.08479357998928272;-0.11507187670021736;-0.12407290908679487;-0.11167010791045213;323.8508346983329
1.0440000000000007;187.43949259315585;-243.52077356690614;667.7645209898296;-0.8540062748361192;0.22742288740368907;-0.010836832300749232;0.8270340913774906;-2.1956611264204566;1.9198607449482228;-1.1983866976506066e-06;1.8388390374430007e-05;-3.571764980993101e-05;1.1621940488123093;-9.311857885879547;4.0479886663420475;-10.206476539444667;-0.08381400505259799;-0.11489552563398449;-0.11227860470505224;-0.10993695708872808;324.0850417430373
1.0560000000000007;183.93324923958534;-244.6964196998014;668.818647392159;-0.8650585846318525;0.22372967314394002;-0.01072723225437512;0.8381129761953021;-2.1993462227218226;1.919859670764068;-1.1983866976506066e-06;9.807126655149177e-06;-4.323728111465089e-05;2.378311356833981;-9.222602905693922;4.136633394453183;-10.190146247207505;-0.08283501171276339;-0.11471751141824296;-0.09779607827052895;-0.10866917431950833;320.4496461058483
1.0680000000000007;180.42103511563056;-245.8201238608541;669.8713294131671;-0.8761119328198591;0.22002469638096703;-0.01062372916441322;0.8491894341217421;-2.203034489550754;1.9198575222002032;-2.396773395301213e-06;-6.129537847544142e-06;-4.323728111465089e-05;2.421283759242744;-9.23732925056832;4.2252201818341835;-10.17366841376383;-0.08185661402488532;-0.11453783652647744;-0.10022787078798519;-0.10898483398849794;319.5754374922074
1.0800000000000007;176.91611282060356;-246.90014323511727;670.905093435691;-0.8871526526491821;0.21636915225162143;-0.010526632952120868;0.860250115155455;-2.2066868247600055;1.9198628933165323;-2.396773395301213e-06;-1.593666450269332e-05;-3.947729435157997e-05;1.0403787787476755;-10.417405928937043;4.313747756739674;-10.157043269244674;-0.08087882603572875;-0.1143565034583666;-0.11237437981510379;-0.11063244290377516;317.53816420680675
1.0920000000000007;173.38704823877626;-247.92996780164248;671.9433326791811;-0.8982439934151231;0.21268780801625412;-0.010427799610816317;0.8713617670939422;-2.2103740346181575;1.9198650416848417;-3.5951600929518194e-06;-1.3484938630956627e-05;-3.571764980993101e-05;1.350674807481229;-10.547323062045166;4.40221484829485;-10.140271046129744;-0.07990166178393175;-0.11417351474005899;-0.11323175584884058;-0.11237096875343335;318.33743380385704
1.1040000000000008;169.85574651307684;-248.9040687559619;672.9794244726407;-0.9093266214171738;0.2090018911901577;-0.010339870006661816;0.8824588559167795;-2.2140718126450123;1.9198661160645518;-1.1983866976506066e-06;-3.677588807605035e-06;-2.443837396356217e-05;1.7188491326623154;-10.568364902315762;4.490620186545906;-10.123351979234767;-0.07892513529730562;-0.11398887292398001;-0.10802890346352097;-0.11252609394294512;317.2412604923251
1.1160000000000008;166.31478985349568;-249.83232833205955;674.0097358029732;-0.9204366989869694;0.2053235870598695;-0.010248079330818026;0.8935850711918442;-2.217769590864253;1.9198661160645518;-1.1983866976506066e-06;1.4710801566824973e-05;-1.5038920388017806e-05;2.3363922583949717;-9.833098574593578;4.57896250246576;-10.10628630571259;-0.07794926059480445;-0.11380258058890301;-0.10096358905348417;-0.11020991437546342;316.90321309477866
1.1280000000000008;162.76770562139168;-250.71604853058932;675.0368661757607;-0.9315759931204995;0.20163867336918476;-0.010167727992087894;0.9047343444756051;-2.221455743944013;1.9198628933165323;1.1983866976506066e-06;1.8388390374430007e-05;3.759644541648961e-06;2.1127847397646664;-9.350543066280443;4.6672405279596925;-10.089074265054263;-0.07697405168628196;-0.11361464033994086;-0.10261457557759969;-0.11039179902442876;316.4227623302819
1.1400000000000008;159.2444202643463;-251.54946970711651;676.0497884407328;-0.9426451237001942;0.19798530284849988;-0.010075668617234416;0.9158192972950918;-2.2250985677629544;1.9198585963843582;-0.0;1.1032989591017523e-05;1.3159098117193324e-05;-0.05684674088090597;-9.187659279518854;4.755452995915769;-10.071716099076193;-0.07599952257040159;-0.11342505480813606;-0.12348330460611849;-0.10840187352838437;313.29500911251637
1.1520000000000008;155.72761725637105;-252.32811785274365;677.0578649135791;-0.9536878498630355;0.1943289380144157;-0.00998829988477336;0.9268751241042067;-2.2287435053310687;1.919859670764068;3.5951600929518194e-06;-2.45172587173669e-06;2.2558551692737687e-05;-2.2258147833047857;-10.158997283654024;4.902152643589829;-10.035977112943373;-0.07502568723662889;-0.11323382665123553;-0.15122962145990645;-0.10795786896746734;311.69801829254277
1.1640000000000008;152.19617928992065;-253.0536084966765;678.0699184124618;-0.9647602711028372;0.1906411756708313;-0.009888893828341174;0.9379661449253687;-2.2324201472129044;1.9198607449482228;1.1983866976506066e-06;-1.593666450269332e-05;2.6318196234386648e-05;-3.1717473678161485;-10.286729521575905;5.428608612685542;-9.881717806832613;-0.07391728133009895;-0.11301522958425356;-0.16396897900605098;-0.10949317342829433;312.04570118191407
1.1760000000000008;148.659404364363;-253.715393009847;679.0858414730951;-0.9758249942000379;0.18692478167734233;-0.009792324625597745;0.9490474570764068;-2.2361443454691297;1.9198661160645518;2.396773395301213e-06;-1.4710801566824973e-05;3.007818299745757e-05;-2.266877032696025;-10.436159367429758;6.018926864072146;-9.706748641075377;-0.071142462316771;-0.11248370474800648;-0.1544990625024144;-0.1109374678324061;311.56900250134566
1.1880000000000008;145.11674669885275;-254.32867286245764;680.0979596063839;-0.9869155962388452;0.18320849549566667;-0.00969588205716528;0.9601542547902958;-2.239875941366492;1.9198704128011705;3.5951600929518194e-06;-4.903674911675796e-06;3.383782753910653e-05;-1.2418153720970326;-10.501942600092425;6.543334493460263;-9.551202284254252;-0.06266262153914988;-0.11093854451067936;-0.1403511820024462;-0.11181479627237711;311.2577351316443
1.2000000000000008;141.62460899162846;-254.90584946801363;681.0777141421764;-0.9978936131236802;0.1795999777292682;-0.00958930779227141;0.9711542562491108;-2.2434986860111943;1.9198671902487066;2.396773395301213e-06;1.1032989591017523e-05;2.6318196234386648e-05;-1.8622169001150988;-9.306430520643643;6.678331365920765;-9.515706178672252;-0.05061692938877363;-0.10896484008046045;-0.14066464855171884;-0.11001205669360758;306.0509820018507
1.2120000000000009;138.2348922491296;-255.41698195829946;682.0272993922006;-1.0085541844777344;0.1760822060348918;-0.009487165741738985;0.9818350829407088;-2.2470263175223453;1.919868264432861;1.1983866976506066e-06;1.8388390374430007e-05;2.0678729421913205e-05;-3.163930032262474;-9.686272035197446;6.737456696358188;-9.502977263006187;-0.03967833989963123;-0.10732592926040108;-0.15628350747756625;-0.10296120675046781;296.4271967028443
1.2240000000000009;135.02056829940733;-255.85435534335753;682.9318218805909;-1.0186626250207278;0.1727145294696519;-0.009387272232987505;0.9919637250146937;-2.250385916459351;1.9198661160645518;3.5951600929518194e-06;1.1032989591017523e-05;9.399453575544363e-06;-2.7007328554641257;-8.27294064751053;6.789645543790643;-9.491654190329061;-0.03439249698295448;-0.10673160677745808;-0.14631422666134397;-0.09768091152697085;280.6408176258973
1.2360000000000009;132.05199710812494;-256.20899289544184;683.772675167598;-1.0279824331802943;0.16956766668870044;-0.009288897315354162;1.0013047457292987;-2.2535278125062645;1.919868264432861;1.1983866976506066e-06;2.45172587173669e-06;-1.8798222708244806e-06;-1.1916799736388963;-9.138565589697036;6.83497490565507;-9.481751459021812;-0.03264631789078855;-0.10660558654460438;-0.12538915430054218;-0.09712984672865647;258.8062444728429
1.2480000000000009;129.36876627266793;-256.499784174581;684.5306976690318;-1.0364176455463907;0.16671834820982923;-0.009200501953358317;1.0097586303872745;-2.256370631225802;1.9198714869853253;-1.1983866976506066e-06;-8.581263719280832e-06;-1.1279275846368843e-05;-0.5158087410155787;-9.148404660228866;6.873512206385927;-9.47328119022086;-0.031318503438682935;-0.10647899344831174;-0.11211082485041868;-0.09733854688906428;233.61419495890033
1.260000000000001;126.95546164121586;-256.73145489650767;685.2147322957576;-1.0440053541950889;0.16413981016338638;-0.009125415003355876;1.017360573000668;-2.258945020345678;1.91987363554919;-1.1983866976506066e-06;-1.593666450269332e-05;-1.6918742658842287e-05;0.80365992604811;-9.128602178424314;6.905315283758818;-9.466253327955277;-0.029933755328848285;-0.10634918104460211;-0.09870334263750909;-0.09719945712743804;209.92084863885998
1.272000000000001;124.81836631893975;-256.92523549021456;685.8134928699983;-1.050745698122508;0.1618766724797338;-0.009055323363099171;1.0241154284568605;-2.261206593634296;1.9198747097333448;-1.1983866976506066e-06;-1.9614476478500768e-05;-2.6318196234386648e-05;1.3096692742953018;-9.201851540670361;6.930432379910533;-9.46067581032338;-0.028624479844964426;-0.10623856663343467;-0.09002527951152424;-0.09798058680233405;185.65277988859881
1.284000000000001;122.94662480793161;-257.0861168966313;686.3315047819999;-1.056667719939507;0.15991570701328942;-0.008997033704699616;1.0300486816559202;-2.26317437367989;1.9198757839174996;-1.1983866976506066e-06;-1.4710801566824973e-05;-3.195800526828205e-05;2.027371515996465;-9.219733281902696;6.948902135830022;-9.456554711813173;-0.027395025951887447;-0.10614427250038835;-0.08277432209439696;-0.09813578423136508;162.3960219886979
1.296000000000001;121.36801472479401;-257.20538569946973;686.771950026961;-1.061656944663479;0.15824384870421476;-0.008947230124864758;1.035047468562025;-2.2648504744240174;1.9198768581016543;-2.396773395301213e-06;-1.2259075695088283e-05;-3.571764980993101e-05;3.6589667514821986;-9.13026684850057;6.960753588351594;-9.45389435685264;-0.026233115308583153;-0.10606582551525114;-0.06500147001196432;-0.09718348047040715;136.936390565019
1.308000000000001;120.0709748873645;-257.29053259125413;687.1368961393733;-1.0657508948036065;0.1568576406134791;-0.008908085785541644;1.039148197406155;-2.266243349901437;1.9198768581016543;-2.396773395301213e-06;-6.129537847544142e-06;-3.7597472080755495e-05;4.6126566060309875;-8.734477005974657;6.844656985560126;-9.490431644037606;-0.02508769594545954;-0.10600365122495671;-0.05470996494521454;-0.09790042261663066;112.50765302169069
1.320000000000001;119.03426748357006;-257.3628269693849;687.4215094878002;-1.0690424701268388;0.15577459980387717;-0.008878913969823833;1.0424443142211004;-2.2673339777163006;1.919877932285809;-2.396773395301213e-06;-0.0;-3.7597472080755495e-05;5.267869591725412;-9.011430536130769;6.360872856482356;-9.640800671922682;-0.023668436381986464;-0.10601108456062323;-0.04593524019468739;-0.09588342211865027;89.79117192867474
1.332000000000001;118.26095025405868;-257.4212419152887;687.6286071839696;-1.0715112306248713;0.15498497416970206;-0.00885521367326314;1.0449176156646187;-2.268128698731354;1.9198790066655187;-1.1983866976506066e-06;3.677588807605035e-06;-4.135745884382641e-05;5.771626304674698;-9.127757558052267;5.851045340395632;-9.799102548733002;-0.018888237781048627;-0.1064922432991049;-0.04020057194128438;-0.09715676427980108;66.89135510918699
1.344000000000001;117.76273355347197;-257.45309238874427;687.7659939774733;-1.0730937253550379;0.1544624182369565;-0.00883821749366056;1.0465037808305802;-2.2686518198115673;1.9198768581016543;-2.396773395301213e-06;6.129537847544142e-06;-4.323728111465089e-05;7.763948655612422;-8.266607498260397;5.463013328283765;-9.919581172933245;0.0070821120628908035;-0.10798457079908903;-0.019962750483976135;-0.09760623020476418;43.149406118858494
1.356000000000001;117.50582878043876;-257.48070339764104;687.8289482514299;-1.0739307406693248;0.15422261976078688;-0.008830623092171414;1.0473423733156622;-2.2688906588466793;1.9198757839174996;-3.5951600929518194e-06;6.129537847544142e-06;-4.323728111465089e-05;8.118388921614043;-8.57123044003281;5.463013328283765;-9.919581172933245;0.04712790915879389;-0.10975121915663953;-0.014746444791004372;-0.1010570243883907;22.161915154814718
1.368000000000001;117.44182512579786;-257.5020128380502;687.835203046191;-1.0741663741640985;0.15420032297973857;-0.008832951370440064;1.0475765965012798;-2.268910738213305;1.91987363554919;-2.396773395301213e-06;6.129537847544142e-06;-4.135745884382641e-05;-1.987520002628061;-9.11944215306599;5.463013328283765;-9.919581172933245;0.060583896557861006;-0.1110284289412111;-0.010727011747800953;-0.10759444432737604;5.645599586585785
1.380000000000001;117.4537072900553;-257.50276706316447;687.8312379941038;-1.0741312453717249;0.1542161522295993;-0.008833377422177073;1.047541402268305;-2.268893829181858;1.9198725613650351;-2.396773395301213e-06;6.129537847544142e-06;-4.135745884382641e-05;-0.4214961797347506;-9.042973324260478;5.463013328283765;-9.919581172933245;0.0603233067164847;-0.1112887243892722;-0.002272128518082835;-0.10662085670401922;1.0457464050211176
1.392000000000001;117.46172968005982;-257.5035533684315;687.8281562379262;-1.0741073121462803;0.1542264427541274;-0.008831866050151736;1.0475183440386808;-2.2688822042347625;1.91987363554919;-2.396773395301213e-06;3.677588807605035e-06;-4.323728111465089e-05;0.2999284789944859;-10.24863885255523;5.463013328283765;-9.919581172933245;0.05988360097754001;-0.11122900775959546;0.0032129780709331895;-0.10901745207151343;0.7191538102411483
1.404000000000001;117.46926193773356;-257.49905776124723;687.8292568668023;-1.074077586188049;0.15422453909082345;-0.008835391828675815;1.0474867906950822;-2.2688843179839346;1.9198714869853253;-2.396773395301213e-06;6.129537847544142e-06;-3.947729435157997e-05;0.6157763555916514;-9.196945884143158;5.692616398206169;-9.848184889936936;0.05995077796404795;-0.1112251132089423;0.0056643094660405085;-0.108578812899685;0.7191538102411483
1.416000000000001;117.47432761463605;-257.49608733438964;687.8295363236336;-1.0740560281917535;0.15422232182616946;-0.008833543479333865;1.047466159577757;-2.2688864315407207;1.9198725613650351;-2.396773395301213e-06;4.903674911675796e-06;-4.135745884382641e-05;0.4485663457177275;-10.27757783535701;6.198049508894947;-9.690834569693125;0.061019091409960355;-0.11115703812899448;0.004691452787956841;-0.10929033897108165;0.4899164732976037
1.428000000000001;117.48143231011426;-257.49263233125856;687.8302186394756;-1.074027854013023;0.15422003508575977;-0.008832990257073181;1.0474382471235348;-2.2688864315407207;1.9198714869853253;-4.7937649567589255e-06;3.677588807605035e-06;-3.947729435157997e-05;0.2504277910101143;-9.375126926719702;6.6980032907048646;-9.534689082542613;0.07941274624724536;-0.11022141061574524;0.002880152945371735;-0.11064375505748213;0.6608038995588077
1.440000000000001;117.51495757532714;-257.4809499640733;687.827494499468;-1.07390411190343;0.15423076857428217;-0.008833279154821556;1.0473144606405123;-2.2688769203427976;1.9198714869853253;-4.7937649567589255e-06;4.903674911675796e-06;-3.947729435157997e-05;0.8581457089035037;-9.81172960170048;6.936370614603716;-9.459180054535056;0.13129438159060883;-0.10858033996773608;0.010522131453989737;-0.10990020524688938;2.9672307836612983
1.452000000000001;117.63084242258317;-257.46525848105205;687.801646775345;-1.0735228183509256;0.1543299198733132;-0.008841805243583106;1.0469297518528713;-2.268777580095674;1.9198714869853253;-2.396773395301213e-06;4.903674911675796e-06;-3.571764980993101e-05;-5.8627045341404544;-9.715971660323007;6.91321702419229;-9.464269639950713;0.1845665315453171;-0.10693116269474036;0.059170112913655516;-0.10886242756664433;9.980406170737563
1.464000000000001;117.85675476973665;-257.46582011493376;687.7282715563815;-1.0728310130287118;0.1546090230102525;-0.008849318826431795;1.0462367905242866;-2.2685017526624898;1.91987363554919;-2.396773395301213e-06;6.129537847544142e-06;-3.571764980993101e-05;-2.038260498103503;-9.51047674133589;6.8833727035296235;-9.470820516452275;0.2062061159721838;-0.10600313206135666;0.10461512647828779;-0.10115882623146948;19.79418857723811
1.476000000000001;118.27333252886996;-257.4554427847363;687.6019832126053;-1.0715380974312416;0.15508927395387687;-0.008866967802401971;1.0449394603380933;-2.268020904257087;1.9198757839174996;-1.1983866976506066e-06;3.677588807605035e-06;-3.195800526828205e-05;0.9758372021962547;-9.364654694043956;6.846830723086725;-9.478814346492758;0.21041443140866747;-0.1059396079988765;0.1394652799878237;-0.09967693992226771;36.285276022125416
1.488000000000001;118.95398607018326;-257.42056535425087;687.4080704018543;-1.0693928263945327;0.15582712392209958;-0.008883908148931662;1.0427926154405447;-2.2672779667299947;1.9198757839174996;-2.396773395301213e-06;-1.225862935868345e-06;-3.383782753910653e-05;1.5199000379228171;-8.962474413374082;6.803540363232035;-9.488241498486639;0.21096255626988808;-0.10604845595761954;0.1497352703073077;-0.10049014945090579;59.04964059915037
1.500000000000001;119.90996792089565;-257.3444215098894;687.1519110751232;-1.066339541241797;0.15680172424658695;-0.00890951176726595;1.039735576035815;-2.2662993606953563;1.9198757839174996;-1.1983866976506066e-06;-4.903674911675796e-06;-3.571764980993101e-05;3.8309226217449193;-8.93055045274528;6.753441328502602;-9.499090273433762;0.2114059128578643;-0.10612164563582104;0.1757057990938237;-0.10006218994672582;82.71926953169935
1.5120000000000011;121.1581838911292;-257.23461388669324;686.8207890612454;-1.062349158189962;0.1580601615683905;-0.008949447409432917;1.0357367892221612;-2.265035416029609;1.9198757839174996;-2.396773395301213e-06;-9.807126655149177e-06;-2.819801850521113e-05;6.246414340365847;-8.885667185660315;6.696463761247694;-9.511346722802605;0.21182538745406337;-0.10620921923534288;0.2073354450821587;-0.09955929619787468;108.00406953915721
1.5240000000000011;122.67328579250119;-257.1108281858273;686.4073815332337;-1.0575412360653316;0.1596310514874174;-0.008998324245769455;1.030918827263673;-2.2634533716406398;1.9198714869853253;-1.1983866976506066e-06;-1.593666450269332e-05;-2.2558551692737687e-05;6.677213721687563;-8.375907691633753;6.632528260584761;-9.524994437410756;0.21215295212927604;-0.10631576251103296;0.2150694933485501;-0.0989333283423449;131.28008682541588
1.5360000000000011;124.46427496244642;-256.9648997493221;685.9063663354423;-1.0518837754191317;0.16152695566801661;-0.009053065803335977;1.0252513508147572;-2.2615563976712405;1.91987363554919;-1.1983866976506066e-06;-1.8388390374430007e-05;-1.8798907151088726e-05;8.276405166289825;-9.280922921758421;6.561545907943214;-9.540014307269683;0.21240513416018383;-0.10643772528115296;0.23431668357712832;-0.09857485371653929;155.45527856736928
1.5480000000000012;126.54037606380082;-256.7721165068034;685.3305708825209;-1.0453211301797225;0.16370292854382246;-0.009122599686513784;1.0186736800795884;-2.2593793691550843;1.91987363554919;-1.1983866976506066e-06;-1.8388390374430007e-05;-7.519631304719882e-06;8.663736416125493;-8.714182336337023;6.472104336052447;-9.559898668520551;0.2125825102082257;-0.1065753744494156;0.2376104161654364;-0.09770817179062391;180.2564046462836
1.5600000000000012;128.90913025727033;-256.5260150858875;684.6758638136491;-1.037830874104145;0.16617358505494267;-0.009198864246209104;1.0111676110531398;-2.256911717923469;1.9198704128011705;1.1983866976506066e-06;-1.1032989591017523e-05;0.0;9.15583229596242;-8.203457987391374;6.037054439509325;-9.68622396339108;0.21265671293419766;-0.10673364162825696;0.2447227426233752;-0.0968628579271787;205.82158499597435
1.5720000000000012;131.54232551355574;-256.23563839449355;683.9380277588061;-1.0295297332271285;0.16894719914714654;-0.009279963428328509;1.002850862437687;-2.2541492166704353;1.9198704128011705;-0.0;1.225862935868345e-06;7.519631304719882e-06;10.478123888774485;-8.521672581422362;5.439912755284338;-9.86217165794965;0.21171921602457963;-0.10708364916194643;0.26112046449215587;-0.0953755167830428;229.16572413419058
1.5840000000000012;134.4464662596624;-255.88730581158717;683.1199662305605;-1.0203948260613729;0.17200978549317159;-0.00937538965848636;0.9936955213371526;-2.2510960927019426;1.9198714869853253;3.5951600929518194e-06;1.1032989591017523e-05;1.6918742658842287e-05;11.871254817388797;-8.975777683025957;4.853159265422516;-10.034452657357368;0.20570092334730458;-0.10835840877429224;0.27784960315379165;-0.09550392396711462;253.1001334169834
1.5960000000000012;137.6071893428351;-255.47580476623034;682.2240641325643;-1.0104742499836243;0.17534852240736948;-0.009476789770653441;0.9837537724333874;-2.2477618574083;1.9198725613650351;3.5951600929518194e-06;1.593666450269332e-05;2.819801850521113e-05;11.245502067022878;-9.312762211204506;4.606208318347155;-10.100990993871852;0.1950346221274671;-0.110289656997931;0.2708278830971531;-0.099126001459512;275.90940413087617
1.6080000000000012;140.96762486452772;-254.98628622063737;681.2765501801275;-0.9999186245567098;0.1788626666083863;-0.009575359114671902;0.9731797419968635;-2.2442416233459;1.9198714869853253;1.1983866976506066e-06;1.2259075695088283e-05;3.383782753910653e-05;11.567830599693535;-9.039494883045815;4.51788570453332;-10.118101855812444;0.18401518759893373;-0.11211102429516667;0.26969552524927626;-0.10668524645791837;293.8009740158663
1.6200000000000012;144.45052851142205;-254.42704789215193;680.2943982650193;-0.9889815192398711;0.18248300900686834;-0.00968157872965209;0.9622210025517709;-2.240609367503274;1.9198757839174996;3.5951600929518194e-06;-2.45172587173669e-06;3.947729435157997e-05;11.095358392461794;-10.25897552184671;4.429499677003467;-10.135066184774555;0.17786687299955217;-0.11298584034399402;0.26033344223379207;-0.10901776845585866;305.1409905552557
1.6320000000000012;147.9783176889714;-253.807823859467;679.3007826925023;-0.9779023651152278;0.18613417168086813;-0.009782845133462921;0.951122700172784;-2.236939066484183;1.9198714869853253;3.5951600929518194e-06;-1.593666450269332e-05;4.135745884382641e-05;13.173508251007155;-9.209499837436704;4.341051504494612;-10.15188374288493;0.1760912664630514;-0.11320795208833612;0.28036181665652293;-0.10890541628341882;309.7490757502381
1.6440000000000012;151.5260819556236;-253.14459869324267;678.2884587779902;-0.9667853299358942;0.1898397406544782;-0.009883918391008753;0.9399867762275954;-2.2332264931750534;1.919868264432861;3.5951600929518194e-06;-1.8388390374430007e-05;4.135745884382641e-05;12.456126185834778;-9.268185134985806;4.252542456691714;-10.168554294601684;0.17528597236840215;-0.1133671304196319;0.2723943224533694;-0.1092799046204247;312.37551272092423
1.6560000000000012;155.09433607409144;-252.424260543682;677.2654541561815;-0.9555998824144232;0.19357047918371487;-0.00997669763496646;0.9287865320390604;-2.2295012381404358;1.9198650416848417;3.5951600929518194e-06;-8.581263719280832e-06;3.195800526828205e-05;12.88846832733052;-9.159979270661127;4.1639738041772825;-10.185077606727141;0.17433285021581535;-0.11355935345139904;0.27576998436437977;-0.1080388510214151;315.10428951902077
1.6680000000000013;158.64966851411256;-251.65923941875823;676.2369468893347;-0.9444634250821672;0.19730428847323048;-0.010067343392981846;0.91763604519915;-2.2257823237761754;1.9198650416848417;1.1983866976506066e-06;7.355400783412486e-06;2.2558551692737687e-05;12.701786788578522;-9.692460777613048;4.075346818425667;-10.201453448406646;0.1733487859955658;-0.11374883926387645;0.2725089915942847;-0.10849359181038944;314.94568568653654
1.6800000000000013;162.18732141463084;-250.8513842017411;675.206870595317;-0.9333907377339327;0.20102578231522913;-0.01015842427391757;0.9065486650464364;-2.222070807245439;1.9198650416848417;-2.396773395301213e-06;1.8388390374430007e-05;1.5038920388017806e-05;12.123376443716499;-9.77520322530149;3.986662771797365;-10.21768159112732;0.1723744797250896;-0.113935196338709;0.2657173098348444;-0.10952608655799989;314.34096646289845
1.6920000000000013;165.722071285358;-249.9780940672186;674.1839855384078;-0.922291335454866;0.2046968255808634;-0.01024557237663646;0.8954357995517997;-2.218401563197127;1.9198714869853253;-1.1983866976506066e-06;1.4710801566824973e-05;0.0;14.7202148617436;-10.539463977877437;3.8979229374884974;-10.23376180873072;0.17139868365793706;-0.11412031570717641;0.2937565051125692;-0.11196536910214401;315.1651451867937
1.7040000000000013;169.2595090283939;-249.05808798902737;673.1557164872338;-0.9111893753590239;0.2083728665946464;-0.010334293560952789;0.8843192931677869;-2.2147111828114094;1.9198704128011705;-2.396773395301213e-06;2.45172587173669e-06;-1.1279275846368843e-05;14.804026776619088;-9.622420163639301;3.809128589525077;-10.249693877411536;0.17042164036808632;-0.1143038082210387;0.29837873624689687;-0.11373604236719183;316.4167211035768
1.7160000000000013;172.80088968159626;-248.0877543462654;672.1199685519339;-0.9000736021398423;0.21205905372168096;-0.010426421936163218;0.8731870101119747;-2.2110081207002032;1.9198693386170158;-2.396773395301213e-06;-1.2259075695088283e-05;-2.0678729421913205e-05;16.118388291177702;-9.567535024721016;3.7202810027572695;-10.265477575716156;0.16944412369077722;-0.11448561528635022;0.313185618130682;-0.11284277189167835;317.9327523408004
1.7280000000000013;176.33549053314445;-247.07822968553904;671.0720773500617;-0.8889942469463118;0.21577726572091704;-0.010523251256289504;0.8620887077329878;-2.207281808694806;1.9198661160645518;-2.396773395301213e-06;-1.593666450269332e-05;-2.6318196234386648e-05;14.60493885930428;-9.490580056784989;3.631381452808825;-10.281112684555229;0.16846600136886156;-0.11466576874260477;0.2962878058210434;-0.11200828141769874;318.5319944829797
1.7400000000000013;179.8854291746332;-246.0066999944198;670.0166563886667;-0.8778447119081363;0.21951047804474833;-0.010622489703468524;0.8509188033319017;-2.2035480992406575;1.9198607449482228;-2.396773395301213e-06;-9.807126655149177e-06;-3.007818299745757e-05;14.52182048989441;-9.376953010396724;3.5424312160713;-10.296598987202147;0.16748726565147218;-0.11484426346185138;0.2944460051632893;-0.11067101201563469;321.2838112841252
1.7520000000000013;183.4108261606713;-244.8881653291107;668.9604011750725;-0.866754685706834;0.22323013747537526;-0.010723364615731736;0.8398071511724869;-2.1998429235726653;1.9198618191323775;-2.396773395301213e-06;4.903674911675796e-06;-3.195800526828205e-05;14.702350819804748;-10.397593047381948;3.453431569698296;-10.311936269291516;0.16650794364615365;-0.11502109527877494;0.29442674317273115;-0.11046241635404773;320.53794330021555
1.7640000000000013;186.9180286983668;-243.72873579714312;667.900330303907;-0.8557215517700207;0.2269469487242745;-0.010832938581658496;0.8287476836949235;-2.196136690933894;1.9198628933165323;-1.1983866976506066e-06;1.593666450269332e-05;-2.6318196234386648e-05;13.909006939106806;-10.45065936632031;3.3643837915548223;-10.327124318831522;0.1655280484098926;-0.11519626221032332;0.2869003646958576;-0.11123807852293875;320.24834628730366
1.7760000000000014;190.42163589268884;-242.5256652216633;666.8313680291226;-0.8446989521451906;0.23067474348312425;-0.010943693883924353;0.8176979251084115;-2.1924082653717107;1.9198650416848417;-1.1983866976506066e-06;1.4710801566824973e-05;-1.8798907151088726e-05;14.069970774209178;-10.727986659686987;3.275289160211499;-10.342162926202299;0.16454759336617297;-0.11536976184996377;0.29002651037240323;-0.1141534560868858;321.2964435534503
1.7880000000000014;193.93658800285905;-241.2595778354815;665.7575061749699;-0.8336091765037996;0.2344013913586051;-0.011060219547197811;0.8065777778350224;-2.1886745559175624;1.919868264432861;-1.1983866976506066e-06;6.129537847544142e-06;-5.639466812473442e-06;12.024595016166115;-10.877376527429847;3.186148954938715;-10.357051884154224;0.1635665927728821;-0.11554159176234324;0.2653507878950007;-0.1157421621172256;323.9410592966097
1.8000000000000014;197.44263759454756;-239.9349922258982;664.6875034970393;-0.8225059486208718;0.23809846351793376;-0.011175478228283693;0.7954442812230607;-2.1849598688592606;1.919868264432861;-0.0;-9.807126655149177e-06;5.639466812473442e-06;11.939901868485462;-10.227961626724564;3.0969644556560096;-10.371790987820145;0.16258506072321136;-0.11571174957719495;0.26293882959850723;-0.11470441832224489;324.8056709955791
1.8120000000000014;200.92265114449899;-238.57058018331205;663.6151324380554;-0.8114698480581742;0.24179222281351276;-0.011293262429148286;0.7843763186315227;-2.1812536364128756;1.9198661160645518;3.5951600929518194e-06;-1.8388390374430007e-05;1.6918742658842287e-05;11.592203450620044;-9.675768914050332;3.0077369429262157;-10.386380034713602;0.1616030112975042;-0.11588023294741825;0.2594795959848785;-0.11419100272215088;324.05947194077623
1.8240000000000014;204.4241862623999;-237.13930596213123;662.5291778489614;-0.8003279912983647;0.2455228955549324;-0.011410613025092928;0.7732027733410604;-2.1775241540722994;1.9198628933165323;3.5951600929518194e-06;-1.2259075695088283e-05;3.007818299745757e-05;9.349411019662796;-9.5992571892467;2.9184676979495983;-10.400818824726944;0.1606204585985266;-0.11604703955053734;0.2353162558269221;-0.11325491295306107;327.96289570811456
1.8360000000000014;207.89540119621424;-235.66680293480067;661.4425087753655;-0.7892516856322559;0.24924471554614447;-0.011519930841772552;0.7620984029603981;-2.1738136943199557;1.9198585963843582;1.1983866976506066e-06;4.903674911675796e-06;3.7597472080755495e-05;8.92688417699466;-9.516140837243476;2.829158002513181;-10.415107160143432;0.1596374167343026;-0.11621216709152007;0.22796683361200185;-0.1122760479272819;327.00713220694047
1.8480000000000014;211.34092870587142;-234.14247338688034;660.3602201947749;-0.7782054782193646;0.25293096954599803;-0.011627620385200979;0.7510243723671849;-2.170140222773299;1.9198618191323775;3.5951600929518194e-06;1.593666450269332e-05;3.947729435157997e-05;9.633599116301905;-10.725833010758615;2.7398091389848767;-10.429244845635287;0.1586538998202727;-0.11637561330176696;0.23504706598743086;-0.11391828329096325;326.6686723471675
1.8600000000000014;214.76683125871907;-232.5887673125444;659.2679685869709;-0.7672253711229933;0.2566347082638561;-0.011733611945326473;0.740017089350545;-2.166433990326914;1.9198607449482228;3.5951600929518194e-06;1.593666450269332e-05;4.135745884382641e-05;8.685040486922823;-9.718463536004885;2.6504223903075577;-10.443231688261688;0.15766992197820318;-0.11653737593962914;0.22808186884277704;-0.11476339419116284;326.4266143390932
1.8720000000000014;218.2097761244238;-230.9520231944544;658.1748247502269;-0.7561053243021921;0.260319185134914;-0.011835491677541572;0.7288714567352327;-2.162743609941196;1.9198671902487066;3.5951600929518194e-06;4.903674911675796e-06;3.947729435157997e-05;9.182986502563368;-10.97951252499193;2.560999039948413;-10.457067497480685;0.15668549733681902;-0.11669745278979815;0.23106243358301146;-0.11661422514643925;330.48537359186264
1.8840000000000015;221.638065998832;-229.26500044576073;657.0806664191102;-0.7449876717016203;0.2639950839057878;-0.01193164860960199;0.717730678565446;-2.159054286333872;1.9198671902487066;3.5951600929518194e-06;-7.355400783412486e-06;3.195800526828205e-05;8.362351136351583;-10.404287795719972;2.471540371892997;-10.470752085147119;0.1557006400312825;-0.11685584166409324;0.22237557122541032;-0.11678546377517818;331.20570350065293
1.8960000000000015;225.04152316166022;-227.54325951931068;655.9798443910441;-0.7339287066525868;0.2676807367089623;-0.012023257864128643;0.7066505799705575;-2.1553533379718384;1.919863967500687;2.396773395301213e-06;-1.8388390374430007e-05;2.0678729421913205e-05;7.889194781697501;-9.834595146475017;2.3820476706393556;-10.484285265510449;0.15471536420266654;-0.11701254040101974;0.21763590076307046;-0.11610080195845356;330.82096262049345
1.9080000000000015;228.44483307049708;-225.76140077957487;654.8688319870857;-0.722816966114822;0.2713920591571205;-0.012113335641442806;0.6955182969147452;-2.151643934997888;1.9198607449482228;-1.1983866976506066e-06;-1.2259075695088283e-05;9.399453575544363e-06;6.737690376282565;-9.677540732898342;2.2925222211472427;-10.497666855226539;0.1537296839984976;-0.11716754686583843;0.20411874139113415;-0.11414305697166656;333.2488141565912
1.9200000000000015;231.8288665313874;-223.92785835759548;653.7566565837445;-0.7117103683350205;0.27509713805461655;-0.012203229539480682;0.6843908683044589;-2.147947213749426;1.9198553738318938;-1.1983866976506066e-06;2.45172587173669e-06;-5.639466812473442e-06;7.131136033638223;-9.677236573719908;2.2029653088322583;-10.510896673355386;0.15274361357138486;-0.11732085895081702;0.20745174346607476;-0.11421261386839891;333.85889948686616
1.9320000000000015;235.1886183525283;-222.05126533543097;652.6399159806725;-0.7006391545492554;0.27879837366822857;-0.012297681490101004;0.6732962065939206;-2.1442568333637086;1.9198575222002032;-2.396773395301213e-06;1.2259075695088283e-05;-1.5038920388017806e-05;6.8348442204400905;-10.766412638824322;2.113378219559839;-10.52397454135885;0.15175716707955172;-0.11747247457502856;0.20435543202145867;-0.11435166150433919;333.92284294581225
1.9440000000000015;238.52226239189002;-220.1384245142759;651.5172790903619;-0.6896190240748395;0.2825033613720976;-0.01239173000628134;0.6622525157881564;-2.1405601121152467;1.9198607449482228;-2.396773395301213e-06;1.8388390374430007e-05;-2.6318196234386648e-05;6.853045276490376;-10.848259208111262;2.0237622395945762;-10.536900283112224;0.1507703586872835;-0.11762239168444528;0.20530241593955934;-0.11543222987066482;333.67124431817
1.9560000000000015;241.85462943356166;-218.15546605251578;650.395968440084;-0.6785209872537226;0.28618347537466676;-0.012491688412622428;0.651127514290169;-2.1368707887003087;1.9198650416848417;-3.5951600929518194e-06;6.129537847544142e-06;-3.007818299745757e-05;6.702428834362229;-11.012717632500523;1.9341186555942433;-10.549673724901867;0.14978320256344305;-0.11777060825167547;0.20275621790236217;-0.11718134920884234;336.3832517118646
1.9680000000000015;245.16546335742288;-216.12554187200863;649.2745142750259;-0.667437587967229;0.289853673990906;-0.012595935203954729;0.6400146487955324;-2.133182521871377;1.9198618191323775;-2.396773395301213e-06;-7.355400783412486e-06;-3.195800526828205e-05;6.504110297475027;-9.917474736333665;1.8444487546038357;-10.562294695422732;0.14879571288103907;-0.11791712227698435;0.20081133807212762;-0.11721882919377115;336.85506908944154
1.9800000000000015;248.4528262326656;-214.05530643446448;648.1437572890475;-0.6563857771902201;0.2935392340650828;-0.012702243246654409;0.6289321230883448;-2.1294889711504807;1.9198650416848417;-3.5951600929518194e-06;-1.7162527438561664e-05;-3.007818299745757e-05;6.829731337856501;-10.945167507600997;1.7547538240048197;-10.574763025789819;0.14780790381844316;-0.11806193178707429;0.20496326813070156;-0.11628808325641769;337.1782470115207
1.9920000000000015;251.71051925425246;-211.92325597280063;647.027366239667;-0.6453225147716314;0.29717300063829666;-0.012813605676638659;0.6178350342655075;-2.1258472039175453;1.9198585963843582;-2.396773395301213e-06;-1.7162527438561664e-05;-2.443837396356217e-05;8.635455562621274;-9.665344418453044;1.66503515150917;-10.587078549535645;0.14681978955828642;-0.1182050348358319;0.22253986067631817;-0.11431972529511214;337.52090145078853
2.0040000000000013;254.96235969694712;-209.72483255877194;645.9021329266053;-0.6341923250855734;0.3008271925933619;-0.01293160206684384;0.6066675569767204;-2.1222086072121757;1.9198575222002032;-1.1983866976506066e-06;1.225862935868345e-06;-1.3159098117193324e-05;11.874400874860903;-9.690423736405998;1.5752940251533796;-10.599241102607616;0.14583138428698475;-0.11834642950418793;0.26286613005612025;-0.11411646832401257;340.27849593967414
2.0160000000000013;258.1822875162723;-207.50680976195466;644.763658717171;-0.623152886873557;0.3045079008909805;-0.013048719480654405;0.5955910990502803;-2.118537249414691;1.9198575222002032;-0.0;1.2259075695088283e-05;-3.759644541648961e-06;12.82048839133508;-10.17514230718367;1.485531733247727;-10.611250523379319;0.14484270219511158;-0.11848611390009658;0.27596934698497194;-0.11397206268485278;339.3589087254408
2.0280000000000014;261.3824962791834;-205.24652440060294;643.6161290352807;-0.6121280595162668;0.30820137824520577;-0.013172835229362297;0.5845255637919693;-2.114850039556539;1.9198607449482228;3.5951600929518194e-06;1.7162527438561664e-05;9.399453575544363e-06;13.250261856250239;-10.834271062252473;1.3957495643702746;-10.623106652647854;0.1438537574769624;-0.1186240861586332;0.28004221839271115;-0.11521306837466079;340.21082232220294
2.0400000000000014;264.5730357606973;-202.93224595612867;642.4590086854155;-0.6010646339288672;0.31190748029190746;-0.013289512234651952;0.5734248340797556;-2.1111427501393747;1.9198661160645518;1.1983866976506066e-06;1.2259075695088283e-05;2.0678729421913205e-05;13.75828894585679;-10.971443484918618;1.3059488073609093;-10.634809333631038;0.1428645643299031;-0.11876034444195872;0.2862318771450057;-0.1167054443165461;342.3200471331812
2.0520000000000014;267.74752264316544;-200.57354126236476;641.294286944315;-0.5900008187099388;0.31562349304626053;-0.01340978288431102;0.5623216772552428;-2.107407983906833;1.9198650416848417;3.5951600929518194e-06;-3.677588807605035e-06;3.007818299745757e-05;13.199757105720924;-10.000070611972008;1.2161307512705541;-10.646358411978559;0.14187513695483936;-0.11889488693941865;0.2802461538368956;-0.11815499670068086;343.56617547549297
2.0640000000000014;270.89615148790017;-198.17689114231146;640.1207627355042;-0.5789645861930214;0.31935595359809477;-0.013526412924640348;0.5512476466620296;-2.103659478978024;1.9198628933165323;3.5951600929518194e-06;-1.593666450269332e-05;3.7597472080755495e-05;12.209305068121376;-9.948178900370888;1.1262966853551843;-10.657753735769145;0.140885489555557;-0.11902771186746088;0.26801377715694896;-0.11736871783927481;343.94518874908533
2.0760000000000014;274.0222067679835;-195.71789212280083;638.9486134411625;-0.5678867522356597;0.323075413097977;-0.013639059730568365;0.5401335673903158;-2.099936337500192;1.9198607449482228;3.5951600929518194e-06;-1.593666450269332e-05;4.135745884382641e-05;12.008774157641106;-9.80013439745891;1.0364478990698696;-10.668995155507616;0.13989563633848462;-0.1191588174697293;0.2634022095007867;-0.1155875249819871;345.5353280441255
2.0880000000000014;277.1278868820751;-193.19671242712946;637.7754057088958;-0.5567625326927029;0.3267903059157159;-0.013747948797580577;0.5289745854364309;-2.0962290480830275;1.9198575222002032;3.5951600929518194e-06;-3.677588807605035e-06;4.135745884382641e-05;11.687223141276629;-9.645554990560155;0.9465856820179432;-10.680082524135889;0.13890559151254814;-0.11928820201716589;0.26016607183578033;-0.11380095808818612;347.39119109710236
2.1000000000000014;280.1992536640636;-190.64801461303693;636.5917581661495;-0.5456995497460931;0.33052473605255267;-0.013852521184741673;0.5178787101697431;-2.092508020354368;1.9198575222002032;2.396773395301213e-06;1.1032989591017523e-05;3.7597472080755495e-05;10.986678500162052;-10.269745357528961;0.8567113239450848;-10.691015697029982;0.13791536928959988;-0.1194158638074624;0.2537515090807723;-0.11496176637527362;346.91272979222083
2.1120000000000014;283.23485803661174;-188.06716953791909;635.4042011719456;-0.5346860403905935;0.33425391018014644;-0.013953275810876308;0.5068338058078293;-2.088786992433322;1.9198607449482228;1.1983866976506066e-06;1.7162527438561664e-05;3.007818299745757e-05;10.561484003438494;-10.924737438329682;0.7668261147332971;-10.701794531996931;0.13692498388167124;-0.11954180116631202;0.24803985719535038;-0.11617601578300708;346.46976100982283
2.1240000000000014;286.25148255014005;-185.42347249111916;634.2184193225232;-0.5236178282224345;0.3379614724403924;-0.0140529282262416;0.4957342896517652;-2.0850744191241923;1.9198618191323775;1.1983866976506066e-06;1.2259075695088283e-05;2.0678729421913205e-05;9.91576567401441;-11.015501542735363;0.6769313443501401;-10.712418889285619;0.13593444950513286;-0.11966601244603378;0.24004529182185816;-0.117320678599544;348.56088880197535
2.1360000000000015;289.2430230444475;-182.73450020901325;633.0263944942519;-0.5125441494575564;0.3416699301762883;-0.014143177361671339;0.4846335599395515;-2.0813533912031463;1.9198661160645518;-2.396773395301213e-06;-3.677588807605035e-06;5.639466812473442e-06;9.12170856776207;-11.153518393977306;0.5870283028427377;-10.722888631583652;0.13494378037668517;-0.11978849602651981;0.23181285781347363;-0.1186097876584975;349.6109876650785
2.1480000000000015;292.19955245698486;-180.00797002795937;631.8339903595624;-0.5015034001067445;0.3453710402767991;-0.014240430225706022;0.4735619566795651;-2.0776355338096653;1.919863967500687;-1.1983866976506066e-06;-1.7162527438561664e-05;-7.519631304719882e-06;8.512714923560454;-9.965951285347899;0.49711828033183636;-10.7332036240141;0.13395299071323177;-0.11990925031487042;0.22407947103923812;-0.11775401837174874;349.57176490498034
2.1600000000000015;295.13276979099106;-177.21256038895646;630.6440934098491;-0.49039256916153096;0.34905819295749835;-0.014334990779584854;0.4624211785097785;-2.073943039674776;1.919859670764068;-2.396773395301213e-06;-1.7162527438561664e-05;-2.0678729421913205e-05;7.683863105517276;-9.833855390848797;0.4072025669609629;-10.743363734146193;0.1329620947349994;-0.12002827374544058;0.2131351435399624;-0.11605836159514478;351.9186835845249
2.1720000000000015;298.0371382970394;-174.3707915569692;629.4473512336399;-0.4792813596260113;0.35275807543185084;-0.01444062008400213;0.45127433233831654;-2.0702494889538796;1.9198575222002032;-1.1983866976506066e-06;-7.355400783412486e-06;-2.6318196234386648e-05;7.760251737544665;-9.708141664072393;0.31728245289052204;-10.753368831992022;0.1319711066618044;-0.12014556478002386;0.21552075063695844;-0.11443228365521822;352.9951018483036
2.1840000000000015;300.9080816863605;-171.49275957736577;628.2424449157916;-0.4681950362424562;0.35647263412157587;-0.01454444023768087;0.4401529715087777;-2.0665495973702384;1.9198575222002032;-2.396773395301213e-06;8.581263719280832e-06;-3.195800526828205e-05;7.605031676675347;-10.201213555070398;0.22735922829179955;-10.76321879000314;0.13098004071451086;-0.12026112190761454;0.21403654583046108;-0.11422903707668612;353.3292348678346
2.1960000000000015;303.736516783161;-168.60867792061217;627.0245794827408;-0.45722645755351193;0.3602111714339966;-0.014657763275847792;0.42914447493598834;-2.0628190582512693;1.919859670764068;-1.1983866976506066e-06;1.593666450269332e-05;-3.195800526828205e-05;5.400020233409555;-10.832866358880446;0.13743418329618473;-10.772913483081107;0.1299889111139567;-0.12037494364476792;0.18991305453869245;-0.11523468192786407;351.59525344401067
2.2080000000000015;306.54680427970015;-165.64782006546568;625.8086698328191;-0.44615472386136573;0.36392744251749554;-0.014770189115709237;0.4180328229975012;-2.0591043711929675;1.919863967500687;-2.396773395301213e-06;1.4710801566824973e-05;-3.007818299745757e-05;5.024841601368772;-11.056760665414968;0.04750860798922485;-10.782452788574027;0.12899773208150805;-0.12048702853523231;0.18288237707934743;-0.11761502056104467;354.9533519131652
2.2200000000000015;309.31278399503617;-162.63686085854138;624.6095179315803;-0.4350820824023422;0.36757832441642263;-0.014889496923481104;0.4069163166134883;-2.0554372407014414;1.9198628933165323;-1.1983866976506066e-06;1.225862935868345e-06;-2.2558551692737687e-05;5.317700214836802;-9.966784746851728;-0.04241620759532738;-10.791836586273002;0.12800651783862993;-0.12059737515021406;0.1843532359691065;-0.117727269745712;355.0673263431007
2.2320000000000015;312.0470948792025;-159.59319450634007;623.3990837790869;-0.42403772419609265;0.3712510745883562;-0.015016538999405;0.39582408201524905;-2.0517489738725097;1.919863967500687;-1.1983866976506066e-06;-1.3484938630956627e-05;-7.519631304719882e-06;5.4454570082717915;-11.075951870367025;-0.13233897352631496;-10.801064758422536;0.1270152826069309;-0.12070598208817382;0.18978463780969645;-0.11782358492373486;355.5659748498996
2.2440000000000015;314.74412553506306;-156.50376772729072;622.1902833516315;-0.41298723693046463;0.3749137238336754;-0.015140196311944017;0.38472699319241166;-2.0480765592966326;1.919859670764068;1.1983866976506066e-06;-1.7162527438561664e-05;1.8798222708244806e-06;5.9870359331289285;-9.915627594881643;-0.222258399981051;-10.810137189716892;0.1260240406066698;-0.12081284797527744;0.1939298476665887;-0.11712820712860143;356.290010788144
2.2560000000000016;317.4175242122186;-153.35892760406927;620.9701650648036;-0.4018919192915256;0.3786031853317681;-0.015268503907293294;0.3735825743541765;-2.0443904062168734;1.9198575222002032;1.1983866976506066e-06;-9.807126655149177e-06;1.6918742658842287e-05;5.542653425466267;-9.747606401406415;-0.31217319725129977;-10.819053767296419;0.12503280605696263;-0.12091797146505874;0.19048757745648404;-0.11489773832517829;358.6797569581825
2.2680000000000016;320.0598471761867;-150.17737911034757;619.7370986897301;-0.39080426138702523;0.38232356167717213;-0.015392112475625382;0.3624478639651375;-2.040682060021316;1.9198553738318938;1.1983866976506066e-06;6.129537847544142e-06;2.6318196234386648e-05;5.771228224794107;-9.69130685672073;-0.402082075794008;-10.82781438075777;0.12404159317771958;-0.12102135123806788;0.19367998614041781;-0.1143039857289387;359.63497915488887
2.2800000000000016;322.6477853976544;-146.990021460109;618.5017806454475;-0.3798285629005199;0.38603479519523837;-0.015513073420435649;0.35142601783284794;-2.0369821684376754;1.9198585963843582;2.396773395301213e-06;1.593666450269332e-05;3.195800526828205e-05;5.260102012256291;-10.881100448786345;-0.4919837462372376;-10.836418922150155;0.1230504161866385;-0.12112298600276356;0.1859901635440825;-0.11564127101494409;357.2919303169173
2.2920000000000016;325.2047597546967;-143.73981446285225;617.2694222173054;-0.36878877413646655;0.3897202580007984;-0.015633613225922348;0.34033985145721174;-2.033300242471488;1.9198650416848417;3.5951600929518194e-06;1.4710801566824973e-05;3.7597472080755495e-05;5.512040735637884;-10.98093894434059;-0.5818769193860587;-10.844867285971471;0.12205928929914221;-0.1212228744949214;0.18832505617467218;-0.11676994445853606;359.5972897956568
2.3040000000000016;327.7226374336179;-140.43764729650408;616.0457791215013;-0.3577183297064039;0.393367710776021;-0.015750038176871085;0.32922455862934835;-2.0296426231778852;1.9198650416848417;3.5951600929518194e-06;6.129537847544142e-06;4.135745884382641e-05;7.511467989662103;-10.584785871566984;-0.6717603062733226;-10.853159369178393;0.12106822673085282;-0.12132101547776945;0.21109819663398044;-0.11880785117961608;360.760366954825
2.3160000000000016;330.21168651944623;-137.103041185675;614.8069643722569;-0.3466573275928126;0.397045843547094;-0.015860392521615318;0.3181214018048356;-2.0259448451510305;1.919863967500687;2.396773395301213e-06;-1.1032989591017523e-05;3.947729435157997e-05;7.244552587875526;-10.047648512405894;-0.7616326181654878;-10.861295071182449;0.12007724269457347;-0.12141740774201669;0.21176337340732432;-0.11854045634565043;361.8012894732811
2.3280000000000016;332.66644234765147;-133.73235872000686;613.5556075874506;-0.3356003058522379;0.4007528158169342;-0.015965885881808084;0.3070243129819982;-2.022229101314336;1.9198650416848417;1.1983866976506066e-06;-1.9614476478500768e-05;3.195800526828205e-05;6.753720690711106;-11.102096089108278;-0.8514925665685733;-10.86927429384603;0.11908635140010738;-0.12151205010587637;0.20486096884975546;-0.11810187072197047;362.794132910104
2.3400000000000016;335.08364841504215;-130.311230320263;612.3048013507705;-0.3245124961747711;0.40445775410434787;-0.016072200182615792;0.2958956705946346;-2.018522868867951;1.9198564480160485;2.396773395301213e-06;-1.1032989591017523e-05;2.2558551692737687e-05;6.711456635615837;-9.807543898005342;-0.9413388632788187;-10.877096941492296;0.11809556705676434;-0.12160494141509422;0.2027880380826964;-0.11599971627625233;364.30604321048816
2.3520000000000016;337.457828734223;-126.85128833756205;611.0490947085586;-0.3134257727444914;0.40816469698287705;-0.016175007554258936;0.28476945554049776;-2.014830374925447;1.9198585963843582;-0.0;2.45172587173669e-06;1.3159098117193324e-05;7.085454325237423;-10.801490194212093;-1.0311702203885886;-10.88476292090114;0.11710490387030767;-0.1216960805429628;0.2068501481271173;-0.11461963393593995;365.00313496957426
2.3640000000000017;339.77530451115837;-123.37366547207517;609.8016201203192;-0.30240552031638246;0.4118366095998873;-0.01627629806037291;0.2737099880629343;-2.011170641882672;1.919859670764068;-1.1983866976506066e-06;1.4710801566824973e-05;1.8798222708244806e-06;8.843189394412235;-10.911288499267123;-1.120985350292182;-10.892272141304986;0.11611437604302974;-0.12178546638989807;0.22607729439362786;-0.11617626103558065;363.4398476218503
2.3760000000000017;342.0574668369854;-119.85999408369783;608.5468962615957;-0.2913856306462807;0.41551416866177926;-0.016380130010790517;0.2626493070292213;-2.0074929434148294;1.9198607449482228;-2.396773395301213e-06;1.4710801566824973e-05;-7.519631304719882e-06;9.60612019998089;-11.077405541229425;-1.2107829657365912;-10.899624514398605;0.11512399777589105;-0.12187309788452612;0.23785232751382077;-0.11790933263552401;364.46767818926355
2.3880000000000017;344.3121593541253;-116.27807383231155;607.2860600365746;-0.2802708563297204;0.41919370116579796;-0.016480251067947756;0.2514951792999345;-2.0038067901426837;1.9198650416848417;-3.5951600929518194e-06;4.903674911675796e-06;-2.0678729421913205e-05;11.088011557841764;-11.077661286550747;-1.3005617798272198;-10.906819954334871;0.11413378326481019;-0.12195897398233531;0.25453156980937985;-0.11780235172533939;368.0230469213674
2.4000000000000017;346.5257701897522;-112.68599551375159;606.012314386498;-0.26923038886479495;0.4229011134418191;-0.016590360899817854;0.24041022625952005;-2.0000857624140242;1.9198650416848417;-2.396773395301213e-06;-7.355400783412486e-06;-2.819801850521113e-05;9.74198773134778;-10.618755636999202;-1.3903205060338193;-10.91385837772046;0.11314374670366134;-0.12204309366674473;0.24050634794463863;-0.11911819033319575;367.28666541930244
2.4120000000000017;348.7033547317547;-109.05394479022051;604.7297141534432;-0.2581754950042704;0.42662574400148695;-0.01670006745662619;0.22931071032438366;-1.9963467686831382;1.9198618191323775;-2.396773395301213e-06;-1.7162527438561664e-05;-3.571764980993101e-05;9.549045201543873;-9.978869211617239;-1.4800578582410804;-10.920739703625472;0.11215390228213347;-0.12212545594852536;0.2373596751256537;-0.11780239125571872;368.7321550609921
2.4240000000000017;350.831087015782;-105.38639983577767;603.4493525371093;-0.2471286572859667;0.43034073009564955;-0.016818090237163318;0.21821483505769582;-1.9926331385956157;1.9198585963843582;-2.396773395301213e-06;-1.1032989591017523e-05;-3.571764980993101e-05;8.529598888243044;-9.819092498800156;-1.5697725507544056;-10.927463853579058;0.11116426418533801;-0.12220605986613604;0.22300673160988752;-0.115812558660028;369.0966467916478
2.4360000000000017;352.91589367266363;-101.66799289281668;602.1687042895776;-0.23604224498575738;0.43404916767430995;-0.016943829209056797;0.20707527044405874;-1.988935360568761;1.9198575222002032;-1.1983866976506066e-06;2.45172587173669e-06;-3.007818299745757e-05;9.548076626553286;-9.736402042506407;-1.6594632983057602;-10.93403075156495;0.11017484659461346;-0.1222849044854815;0.23531906826221535;-0.11476414737425354;370.9319024383546
2.4480000000000017;354.9450921971188;-97.94710011671508;600.8894459078497;-0.22504795166839603;0.43774224654783866;-0.01707101556038625;0.1960267251927687;-1.9852481505182225;1.9198553738318938;-2.396773395301213e-06;1.2259075695088283e-05;-2.0678729421913205e-05;10.123922161024216;-9.818959075848557;-1.7491288161042475;-10.94044032403096;0.10918566368770764;-0.12236198890003337;0.242270691709954;-0.11584468087827642;368.9247831479668
2.4600000000000017;356.9490751876969;-94.18379304796362;599.5832833714418;-0.21402342240219052;0.4414992300332784;-0.017205425843995134;0.18494419948558108;-1.9814996455894134;1.919859670764068;-1.1983866976506066e-06;1.8388390374430007e-05;-9.399453575544363e-06;7.912464240778231;-11.024755645116901;-1.8387678198418338;-10.946692499884419;0.10819672963695293;-0.12243731223083729;0.22085062045563433;-0.11713380169142408;371.60021964014436
2.4720000000000018;358.9108027226064;-90.37010647062212;598.2797183369504;-0.2029547463844551;0.44523028923890934;-0.017345542509715137;0.17381434376299568;-1.9777595952725204;1.9198650416848417;3.5951600929518194e-06;6.129537847544142e-06;3.759644541648961e-06;7.269244896352073;-11.156125482702882;-1.9283790256991606;-10.952787210487585;0.10720805860988451;-0.12251087362633255;0.20941350394574634;-0.1187063877604641;373.5328864117226
2.4840000000000018;360.8200748121878;-86.53590784838588;596.9800223841837;-0.1919189721957252;0.44894139252488346;-0.017477547931943137;0.16272089560860686;-1.9740343400455163;1.9198650416848417;1.1983866976506066e-06;-6.129537847544142e-06;1.6918742658842287e-05;5.704902398835652;-10.562633359212697;-2.0179611503960677;-10.958724389666964;0.10621966476880167;-0.12258267226284733;0.19086227655547838;-0.11852450332785262;373.0096086055566
2.4960000000000018;362.68192679916194;-82.67077365920312;595.6783903636018;-0.18088629507545687;0.4526484921092612;-0.017607629636841593;0.15163108834359437;-1.9703143690952496;1.9198650416848417;2.396773395301213e-06;-1.7162527438561664e-05;2.443837396356217e-05;4.785820171951205;-10.544894457635037;-2.107512911197289;-10.964503973708629;0.1052315622710896;-0.12265270734401912;0.1807221362264317;-0.11815007795669509;373.608535931076
2.508000000000002;364.4928588534765;-78.76941463786287;594.3806873034206;-0.16984116956144404;0.45634144807291416;-0.017733720766399893;0.1405303586313807;-1.9666155342900018;1.919859670764068;-0.0;-1.593666450269332e-05;3.195800526828205e-05;4.21264354626839;-9.895115355132068;-2.197033025918223;-10.970125901353466;0.10424376526840352;-0.12272097810106365;0.1731152498120396;-0.1168877133881438;374.3894103166714
2.520000000000002;366.25545930396044;-74.8081908820291;593.0845297966104;-0.15872207654713535;0.46002577347626844;-0.017866672560777543;0.12935195911632025;-1.96294523327091;1.919859670764068;3.5951600929518194e-06;-0.0;3.947729435157997e-05;4.985532536564054;-10.32569355045144;-2.2865202129753834;-10.97559011380632;0.10325628790698455;-0.12278748379286535;0.1815852310086885;-0.11551837521180158;377.1059193814445
2.532000000000002;367.9651987996091;-70.8651727453813;591.7794306607274;-0.14772822755839932;0.46372367942141224;-0.01798679985674639;0.1183046274211797;-1.9592580232203718;1.919859670764068;2.396773395301213e-06;1.2259075695088283e-05;3.947729435157997e-05;5.22335323684205;-10.307151800501732;-2.5483724601918993;-11.035617480543717;0.10226914432613249;-0.12285222370574764;0.18696520426947752;-0.1154862946834928;374.294564004892
2.544000000000002;369.633287355452;-66.87445940544143;590.4692162901914;-0.13668531730090946;0.467422455497833;-0.018110085039029382;0.10720632504219281;-1.9555623589426894;1.9198607449482228;3.5951600929518194e-06;1.593666450269332e-05;3.947729435157997e-05;4.754797973971435;-11.047546719536529;-3.1162104195267717;-11.193952761174547;0.10088028821070323;-0.1229920186390575;0.18107305131536874;-0.11755636721627576;376.6166424505582
2.556000000000002;371.2584546928207;-62.85474515741583;589.1494336612808;-0.12563725779751445;0.4711326727717147;-0.018224428490087232;0.09610680888612867;-1.9518466151059948;1.919863967500687;3.5951600929518194e-06;8.581263719280832e-06;3.195800526828205e-05;3.5888429118170957;-11.19031193406885;-3.6797916730305293;-11.354571601922572;0.09643301945394529;-0.12369927510748695;0.168258349111209;-0.11903799981059841;377.6857282324051
2.568000000000002;372.8233187014973;-58.81700654616269;587.8422047729177;-0.11461543735491408;0.4747959299293793;-0.018329370489085933;0.08503763273844127;-1.948172086780945;1.9198661160645518;-0.0;-3.677588807605035e-06;2.0678729421913205e-05;3.5681296942910548;-11.226509350903422;-4.058757509182376;-11.460614179182633;0.0865251768193292;-0.12532148687632844;0.164432428813443;-0.11953012142823521;376.9484516530144
2.580000000000002;374.3168649787724;-54.82473851669565;586.5508201450389;-0.1037909325020279;0.4784074697290617;-0.01843491120340715;0.07416505843109765;-1.9445461718010635;1.919863967500687;-0.0;-1.4710801566824973e-05;7.519631304719882e-06;1.9521995032505268;-10.167851675362652;-4.1173050176984844;-11.46822616111954;0.07468254398199796;-0.12710172416519155;0.14512918845862896;-0.12006500216871141;371.1520953371659
2.592000000000002;375.71249742757385;-50.93775686334569;585.3058498762483;-0.09331966608514296;0.4818857391193329;-0.0185371503955411;0.0636468531239459;-1.941054471717206;1.9198553738318938;-1.1983866976506066e-06;-1.8388390374430007e-05;-3.759644541648961e-06;1.1144020498905756;-10.648204840915671;-4.163918984216449;-11.47331721662988;0.06584705499007897;-0.12826093301697447;0.13018866296661893;-0.1258092239318647;359.45915152270857
2.604000000000002;376.9871023836534;-47.261765853489635;584.1216300523073;-0.08347487240776141;0.48519183997106113;-0.018633974091648513;0.05375728868110435;-1.9377561678508572;1.9198532254635843;-2.396773395301213e-06;-7.355400783412486e-06;-1.5038920388017806e-05;-0.7991659378963761;-10.724139708553285;-4.204988861449637;-11.477851418825384;0.06243616796160464;-0.12849954786345566;0.10500263034308989;-0.12627460997429335;338.9106732778699
2.616000000000002;378.12562422688075;-43.854656254655865;583.0282696211508;-0.07440102329195376;0.48823934097455346;-0.018728032720407604;0.04463956914677137;-1.9347199529138113;1.9198521510838746;-2.396773395301213e-06;6.129537847544142e-06;-2.2558551692737687e-05;-0.9040561869735334;-10.808674038547961;-4.240576146927691;-11.481826370740954;0.061241211572576816;-0.1285053842395436;0.09928867815020326;-0.12744587573221353;312.91710600573373
2.628000000000002;379.12570998650335;-40.77930138546954;582.0346168484703;-0.0662490033903886;0.4910008165146038;-0.018812725540238405;0.03644782034956327;-1.9319659060803083;1.9198532254635843;-2.396773395301213e-06;1.3484938630956627e-05;-3.007818299745757e-05;-2.2779694385639515;-12.137706511785433;-4.27073457182371;-11.48523951945827;0.06001088305665976;-0.12855936667543474;0.08298357472123166;-0.1291251617497158;281.9244965376161
2.640000000000002;380.00320220154396;-37.97599298541645;581.1421732777729;-0.05885084596687692;0.4934752149432417;-0.01889220924268912;0.029012139789064494;-1.9294929709567277;1.9198532254635843;-2.396773395301213e-06;1.593666450269332e-05;-3.383782753910653e-05;-3.1340254743084897;-11.520331448578762;-4.2955101430273395;-11.488088305385693;0.05875238145421702;-0.1286121535549721;0.07330133616881808;-0.12911448439209372;255.83449967559332
2.652000000000002;380.7613351431936;-35.51416109301669;580.3462239553486;-0.05238006615227697;0.49567764292665084;-0.018969078411667315;0.022504857298917384;-1.9272905789895942;1.919854299647739;-2.396773395301213e-06;1.593666450269332e-05;-3.195800526828205e-05;-4.43362158765527;-12.200225165376192;-4.314941181471592;-11.490370289512548;0.057570371803504786;-0.12865508616415863;0.05954241891143352;-0.12982577348861954;224.67440981264122
2.664000000000002;381.40947022306295;-33.325224601208326;579.6547866000656;-0.04664331459650459;0.497584445638817;-0.019032560547897013;0.016737866373680327;-1.9253777529595273;1.9198564480160485;-3.5951600929518194e-06;8.581263719280832e-06;-3.195800526828205e-05;-5.955607835339724;-12.37068120300936;-4.329058355632913;-11.49208325889262;0.05644862571701314;-0.12869213001958243;0.04172609384105578;-0.13163871991404333;198.7741523461902
2.676000000000002;381.94484732471955;-31.45273208330108;579.0748095359429;-0.041748721619958434;0.49918448166259655;-0.019085524110126963;0.01181796282657184;-1.9237735154547595;1.9198553738318938;-1.1983866976506066e-06;6.129537847544142e-06;-3.571764980993101e-05;-7.201872376352838;-11.171757119420851;-4.337884709520168;-11.49322531064087;0.055377985271497024;-0.12872295843810935;0.02674445494509568;-0.1318686766019849;169.33756133418743
2.688000000000002;382.37702114645515;-29.930455429282816;578.597939357247;-0.03778007872062742;0.5004962132720524;-0.019133208056195027;0.007826457349815024;-1.9224503892751412;1.9198532254635843;-2.396773395301213e-06;-2.45172587173669e-06;-3.195800526828205e-05;-6.990824619197242;-11.201622621019306;-4.223443833247912;-11.456904563440053;0.05429616839658593;-0.12874734171973196;0.029733090059323643;-0.1321520795222012;137.727224962506
2.700000000000002;382.7087884952091;-28.717905517884894;578.2291597130061;-0.0346228091380167;0.5015106610507248;-0.01916709468380235;0.004652913240815051;-1.921428454172072;1.91985107689972;-1.1983866976506066e-06;-7.355400783412486e-06;-3.383782753910653e-05;-6.3498088647167785;-11.266723677076673;-3.752248642020324;-11.310048030367735;0.052822429991671103;-0.12871334506987894;0.03447522641066761;-0.13288476646723985;109.17446719899849
2.712000000000002;382.95234361057453;-27.804629138255564;577.9534545257687;-0.03224786944863549;0.5022691776380708;-0.019192448343859164;0.0022657769350456413;-1.9206728349194913;1.919854299647739;-3.5951600929518194e-06;-7.355400783412486e-06;-3.195800526828205e-05;-6.66792433238462;-12.490025334078602;-3.2560738069290496;-11.155678317713887;0.04744302426472418;-0.12822662583890018;0.03238251066950648;-0.1327670688511026;82.04868867977987
2.724000000000002;383.10870294740255;-27.213189408888326;577.7789509578693;-0.030713231655685562;0.5027491052099674;-0.01921375713336329;0.0007208737828067247;-1.9201845886805649;1.9198500027155647;-1.1983866976506066e-06;-1.1032989591017523e-05;-3.007818299745757e-05;-6.607468382582856;-11.173986410547837;-2.8784704769768674;-11.038199173690145;0.02049991705833948;-0.12676196960821723;0.03221608485184415;-0.1320398131087723;53.01340788615427
2.736000000000002;383.1828163146889;-26.891377293391795;577.6969821421849;-0.029876085818700153;0.5029730049307797;-0.019219277430585664;-0.00011893203749697561;-1.9199637154552929;1.919854299647739;-1.1983866976506066e-06;-1.2259075695088283e-05;-3.195800526828205e-05;-7.520765870378837;-12.130278341118748;-2.8784704769768674;-11.038199173690145;-0.018983274227660853;-0.12503567834837673;0.02191260066769793;-0.1288309955518917;28.354736232691035
2.748000000000002;383.19412721405024;-26.80257609563109;577.6872478434555;-0.029645104180671605;0.5029996140717272;-0.019220966798115205;-0.00035072811081557543;-1.919941522531881;1.9198575222002032;-2.396773395301213e-06;-1.1032989591017523e-05;-3.007818299745757e-05;2.8783932170749402;-11.563311484745245;-2.8784704769768674;-11.038199173690145;-0.03208390654891464;-0.12378967657061156;0.02220696842932016;-0.1231137116003112;7.503862708488935
2.760000000000002;383.1908922421129;-26.814181306718908;577.6925246129304;-0.029674841575540473;0.5029858501833278;-0.01921971732149683;-0.0003203883233665717;-1.919952090508197;1.919854299647739;-1.1983866976506066e-06;-1.1032989591017523e-05;-3.195800526828205e-05;1.506150008081137;-10.374009447074341;-2.8784704769768674;-11.038199173690145;-0.03183099481828759;-0.12353594497922749;0.01388736010918664;-0.122568152968358;1.0960480173485276
2.772000000000002;383.18757703337826;-26.818794601611422;577.6968625640741;-0.0296861291791604;0.502974435413728;-0.01921795801926319;-0.00030825254094362227;-1.919964772233686;1.919854299647739;-2.396773395301213e-06;-9.807126655149177e-06;-3.195800526828205e-05;1.1649437429301122;-10.902788530477286;-2.8784704769768674;-11.038199173690145;-0.031403443520902775;-0.12359418702658914;0.012044238146594775;-0.12205469347673274;0.5956492603590001
2.784000000000002;383.1879220827285;-26.829046646213772;577.6958168148224;-0.029713232427967893;0.5029761893434728;-0.019218796191396822;-0.00028155342194317737;-1.919960545120114;1.919854299647739;-3.5951600929518194e-06;-1.2259075695088283e-05;-3.007818299745757e-05;1.2423859068677194;-10.921068614695537;-2.8784704769768674;-11.038199173690145;-0.0314687392919408;-0.1235979793811598;0.015384864804933016;-0.12236491445037016;0.5956492603590001
