Zeit[sec];Sollposition[°];Istposition[°];Positionsschleppfehler[°];Sollgeschwindigkeit[°/s];Istgeschwindigkeit[°/s];Geschwindigkeitsdifferenz[°/s];Sollbeschleunigung[°/s*s];Istbeschleunigung[°/s*s];Beschleunigungsdifferenz[°/s*s]
0.0;9817499999.0;9817500003.0;-4.0;0.0;-0.00023999999999999998;0.0;0.0;0.0;0.0
0.004;9817499999.0;9817500003.0;-4.0;0.0;-0.00023999999999999998;0.0;0.0;0.0;0.0
0.008;9817499999.0;9817500003.0;-4.0;0.0;-0.00023999999999999998;0.0;0.0;0.0;0.0
0.012;9817499999.0;9817500003.0;-4.0;0.0;-0.00023999999999999998;0.0;0.0;0.0;0.0
0.016;9817499999.0;9817500003.0;-4.0;0.0;-0.00023999999999999998;0.0;0.0;0.0;0.0
0.02;9817499999.0;9817500003.0;-4.0;0.0;-0.00023999999999999998;0.0;0.0;0.0;0.0
0.024;9817499999.0;9817500003.0;-4.0;0.0;-0.00023999999999999998;0.0;0.0;0.0;0.0
0.028;9817499999.0;9817500003.0;-4.0;0.0;-0.00023999999999999998;0.0;0.0;0.0;0.0
0.032;9817499999.0;9817500003.0;-4.0;0.0;-0.00023999999999999998;0.0;0.0;0.0;0.0
0.036000000000000004;9817499999.0;9817500003.0;-4.0;0.0;-0.00023999999999999998;0.0;0.0;0.0;0.0
0.04000000000000001;9817499999.0;9817500003.0;-4.0;0.0;-0.00023999999999999998;0.0;0.0;0.0;0.0
0.04400000000000001;9817499999.0;9817500003.0;-4.0;0.0;-0.00023999999999999998;0.0;0.0;0.0;0.0
0.048000000000000015;9817499999.0;9817500003.0;-4.0;0.0;-0.00023999999999999998;0.0;0.0;0.0;0.0
0.05200000000000002;9817499999.0;9817500003.0;-4.0;0.0;-0.00023999999999999998;0.0;0.0;0.0;0.0
0.05600000000000002;9817499999.0;9817500003.0;-4.0;0.0;-0.00023999999999999998;0.0;0.0;0.0;0.0
0.060000000000000026;9817499999.0;9817500003.0;-4.0;0.0;-0.00023999999999999998;0.0;0.0;0.0;0.0
0.06400000000000003;9817499999.0;9817500003.0;-4.0;0.0;-0.00023999999999999998;0.0;0.0;0.0;0.0
0.06800000000000003;9817499999.0;9817500003.0;-4.0;0.0;-0.00023999999999999998;0.0;0.0;0.0;0.0
0.07200000000000004;9817499999.0;9817500003.0;-4.0;5.67728983675558e-10;-0.00023999999999999998;0.0;1.419322459188895e-07;0.0;1.419322459188895e-07
0.07600000000000004;9817499999.0;9817500003.0;-4.0;8.515934755133369e-10;-0.00023999999999999998;5.677289836706657e-10;7.096612295944474e-08;0.0;7.096612295944474e-08
0.08000000000000004;9817499999.0;9817500003.0;-4.0;5.67728983675558e-10;-0.0002399994322710163;2.8386449183533287e-10;-7.096612295944474e-08;0.0;-7.096612295944474e-08
0.08400000000000005;9817499999.0;9817500003.0;-4.0;0.0;-0.00023999914840652447;-2.8386449183533287e-10;-1.419322459188895e-07;0.0;-1.419322459188895e-07
0.08800000000000005;9817499999.0;9817500003.0;-4.0;8.515934755133369e-10;-0.0002399994322710163;-5.677289836706657e-10;2.1289836887833425e-07;0.0;2.1289836887833425e-07
0.09200000000000005;9817445492.0;9817500003.0;-4.0;-13.626795540105958;-0.00023999999999999998;8.515934755059986e-10;-3406.698885239388;0.0;-3406.698885239388
0.09600000000000006;9817437600.0;9817500003.0;-54511.0;-1.9730544501055332;-0.00023999914840652447;-16.897215540957554;2913.4352725001063;0.0;2913.4352725001063
0.10000000000000006;9817430921.0;9817432414.0;5186.0;-1.6698771680187703;-16.89745554010596;15.235561090000425;75.79432052169072;0.0;75.79432052169072
0.10400000000000006;9817425685.0;9817425767.0;5154.0;-1.3089074155727063;-1.661894450105533;0.3012572820867627;90.242438111516;0.0;90.242438111516
0.10800000000000007;9817422122.0;9817420325.0;5360.0;-0.8907673476577661;-1.3606371680187703;0.37332975244606403;104.53501697873504;0.0;104.53501697873504
0.11200000000000007;9817420233.0;9817416376.0;5746.0;-0.4723332367219041;-0.9873074155727063;0.44130006791494014;104.6085277339655;0.0;104.6085277339655
0.11600000000000008;9817419616.0;9817414192.0;6041.0;-0.1541131701729585;-0.5460073476577662;0.436134110935862;79.55501663723639;0.0;79.55501663723639
0.12000000000000008;9817419718.0;9817413753.0;5863.0;0.025480446911725397;-0.10987323672190413;0.3075400665489456;44.898404271170975;0.0;44.898404271170975
0.12400000000000008;9817420074.0;9817414543.0;5175.0;0.0889229334074063;0.19766682982704148;0.13831361708468393;15.860621623920226;0.0;15.860621623920226
0.12800000000000009;9817420410.0;9817415886.0;4188.0;0.0840202061583365;0.3359804469117254;0.0042224864956809105;-1.2256818122674504;0.0;-1.2256818122674504
0.1320000000000001;9817420627.0;9817417246.0;3164.0;0.05424372166658608;0.3402029334074063;-0.06634272724906981;-7.444121122937604;0.0;-7.444121122937604
0.1360000000000001;9817420731.0;9817418341.0;2286.0;0.02603315151557697;0.2738602061583365;-0.08245648449175044;-7.052642537752277;0.0;-7.052642537752277
0.1400000000000001;9817420768.0;9817419106.0;1625.0;0.009290702009117763;0.19140372166658606;-0.0678705701510091;-4.1856123766148015;0.0;-4.1856123766148015
0.1440000000000001;9817420782.0;9817419600.0;1168.0;0.003607579608648392;0.12353315151557696;-0.044162449506459214;-1.4207806001173429;0.0;-1.4207806001173429
0.1480000000000001;9817420801.0;9817419917.0;865.0;0.004626525963053675;0.07937070200911775;-0.02386312240046936;0.25473658860132076;0.0;0.25473658860132076
0.1520000000000001;9817420833.0;9817420139.0;662.0;0.008083643197803454;0.05550757960864839;-0.011161053645594714;0.8642793086874446;0.0;0.8642793086874446
0.1560000000000001;9817420879.0;9817420316.0;517.0;0.011383694518980993;0.044346525963053676;-0.005242882765250222;0.8250128302943849;0.0;0.8250128302943849
0.16000000000000011;9817420933.0;9817420472.0;407.0;0.013585946755617076;0.039103643197803455;-0.0032999486788224605;0.5505630591590206;0.0;0.5505630591590206
0.16400000000000012;9817420992.0;9817420615.0;318.0;0.014761536633230743;0.035803694518980994;-0.003137747763363917;0.29389746940341677;0.0;0.29389746940341677
0.16800000000000012;9817421054.0;9817420745.0;247.0;0.015348653845563312;0.03266594675561708;-0.0030844101223863364;0.14677930308314244;0.0;0.14677930308314244
0.17200000000000013;9817421117.0;9817420863.0;191.0;0.01575620576083609;0.02958153663323074;-0.0027728827876674286;0.10188797881819463;0.0;0.10188797881819463
0.17600000000000013;9817421182.0;9817420970.0;147.0;0.01621956571906867;0.026808653845563312;-0.0022324480847272198;0.11583998955814502;0.0;0.11583998955814502
0.18000000000000013;9817421249.0;9817421068.0;114.0;0.01681203775117527;0.024576205760836092;-0.0015166400417674225;0.1481180080266497;0.0;0.1481180080266497
0.18400000000000014;9817421319.0;9817421160.0;89.0;0.017513312488222858;0.02305956571906867;-0.0009075279678934026;0.17531868426189698;0.0;0.17531868426189698
0.18800000000000014;9817421392.0;9817421248.0;71.0;0.018273576537590274;0.022152037751175267;-0.00037872526295240974;0.1900660123418541;0.0;0.1900660123418541
0.19200000000000014;9817421468.0;9817421335.0;57.0;0.019050699015263448;0.021773312488222858;-7.973595063258399e-05;0.19428061941829336;0.0;0.19428061941829336
0.19600000000000015;9817421547.0;9817421421.0;47.0;0.019822103610477527;0.021693576537590274;0.00017712247767317363;0.1928511488035198;0.0;0.1928511488035198
0.20000000000000015;9817421630.0;9817421508.0;39.0;0.020581875154951607;0.021870699015263447;0.000291404595214078;0.18994288611851995;0.0;0.18994288611851995
0.20400000000000015;9817421715.0;9817421596.0;34.0;0.02133311458439452;0.022162103610477525;0.0004597715444740816;0.18780985736072814;0.0;0.18780985736072814
0.20800000000000016;9817421803.0;9817421686.0;29.0;0.022081367475518806;0.022621875154951607;0.0004512394294429109;0.1870632227810717;0.0;0.1870632227810717
0.21200000000000016;9817421895.0;9817421778.0;25.0;0.02283106126280366;0.023073114584394518;0.0005082528911242896;0.18742344682121365;0.0;0.18742344682121365
0.21600000000000016;9817421989.0;9817421872.0;23.0;0.0235845185255213;0.023581367475518807;0.0006296937872848525;0.1883643156794096;0.0;0.1883643156794096
0.22000000000000017;9817422086.0;9817421968.0;21.0;0.02434239243586744;0.02421106126280366;0.0006334572627176398;0.18946847758653534;0.0;0.18946847758653534
0.22400000000000017;9817422258.0;9817422067.0;19.0;0.04294300982223301;0.0248445185255213;0.0006378739103461394;4.650154346591392;0.0;4.650154346591392
0.22800000000000017;9817422682.0;9817422168.0;90.0;0.1060393420213097;0.02548239243586744;0.02286061738636557;15.774083049769173;0.0;15.774083049769173
0.23200000000000018;9817423488.0;9817422361.0;321.0;0.20146767094133677;0.04834300982223301;0.0769563321990767;23.857082230006768;0.0;23.857082230006768
0.23600000000000018;9817425008.0;9817422862.0;626.0;0.3798788879553833;0.1252993420213097;0.11372832892002704;44.602804253511636;0.0;44.602804253511636
0.24000000000000019;9817428014.0;9817423818.0;1190.0;0.7514398130779373;0.23902767094133676;0.21225121701404653;92.89023128063849;0.0;92.89023128063849
0.2440000000000002;9817433025.0;9817425623.0;2391.0;1.2528396496606422;0.4512788879553833;0.443620925122554;125.34995914567624;0.0;125.34995914567624
0.2480000000000002;9817439872.0;9817429202.0;3823.0;1.7118883747630829;0.8948998130779373;0.5873198365827048;114.76218127561016;0.0;114.76218127561016
0.25200000000000017;9817448039.0;9817435130.0;4742.0;2.0415840991265655;1.4822196496606421;0.5141887251024408;82.42393109087065;0.0;82.42393109087065
0.25600000000000017;9817499999.0;9817443115.0;4924.0;12.99017690478353;1.996408374763083;0.34061572436348264;2737.148201414241;0.0;2737.148201414241
0.2600000000000002;9817499999.0;9817452463.0;47536.0;0.0;2.3370240991265656;13.505312805656963;-3247.5442261958824;0.0;-3247.5442261958824
0.2640000000000002;9817499999.0;9817515832.0;-15833.0;0.0;15.84233690478353;-16.79231690478353;0.0;0.0;0.0
0.2680000000000002;9817499999.0;9817512033.0;-12034.0;0.0;-0.9499799999999999;0.22794000000000003;0.0;0.0;0.0
0.2720000000000002;9817499999.0;9817509145.0;-9146.0;0.0;-0.7220399999999999;0.17328;0.0;0.0;0.0
0.2760000000000002;9817499999.0;9817506950.0;-6951.0;0.0;-0.5487599999999999;0.13169999999999993;0.0;0.0;0.0
0.2800000000000002;9817499999.0;9817505282.0;-5283.0;0.0;-0.41706;0.10008;0.0;0.0;0.0
0.2840000000000002;9817499999.0;9817504015.0;-4016.0;0.0;-0.31698;0.07602;0.0;0.0;0.0
0.2880000000000002;9817499999.0;9817503052.0;-3053.0;0.0;-0.24095999999999998;0.05778;0.0;0.0;0.0
0.2920000000000002;9817499999.0;9817502320.0;-2321.0;0.0;-0.18317999999999998;0.04391999999999999;0.0;0.0;0.0
0.2960000000000002;9817499999.0;9817501763.0;-1764.0;0.0;-0.13926;0.033420000000000005;0.0;0.0;0.0
0.3000000000000002;9817499999.0;9817501340.0;-1341.0;0.0;-0.10583999999999999;0.02538;0.0;0.0;0.0
0.3040000000000002;9817499999.0;9817501019.0;-1020.0;0.0;-0.08045999999999999;0.019259999999999992;0.0;0.0;0.0
0.3080000000000002;9817499999.0;9817500775.0;-776.0;0.0;-0.0612;0.01464;0.0;0.0;0.0
0.3120000000000002;9817499999.0;9817500589.0;-590.0;0.0;-0.04656;0.011160000000000003;0.0;0.0;0.0
0.3160000000000002;9817499999.0;9817500448.0;-449.0;0.0;-0.035399999999999994;0.008459999999999995;0.0;0.0;0.0
0.32000000000000023;9817499999.0;9817500341.0;-342.0;0.0;-0.02694;0.006420000000000002;0.0;0.0;0.0
0.32400000000000023;9817499999.0;9817500259.0;-260.0;0.0;-0.020519999999999997;0.004919999999999997;0.0;0.0;0.0
0.32800000000000024;9817499999.0;9817500197.0;-198.0;0.0;-0.0156;0.003720000000000001;0.0;0.0;0.0
0.33200000000000024;9817499999.0;9817500150.0;-151.0;0.0;-0.011879999999999998;0.0028199999999999996;0.0;0.0;0.0
0.33600000000000024;9817499999.0;9817500114.0;-115.0;0.0;-0.009059999999999999;0.0021599999999999996;0.0;0.0;0.0
0.34000000000000025;9817499999.0;9817500087.0;-88.0;0.0;-0.006899999999999999;0.001619999999999999;0.0;0.0;0.0
0.34400000000000025;9817499999.0;9817500066.0;-67.0;0.0;-0.00528;0.0012600000000000007;0.0;0.0;0.0
0.34800000000000025;9817499999.0;9817500050.0;-51.0;0.0;-0.004019999999999999;0.0009599999999999995;0.0;0.0;0.0
0.35200000000000026;9817499999.0;9817500038.0;-39.0;0.0;-0.00306;0.0007200000000000002;0.0;0.0;0.0
0.35600000000000026;9817499999.0;9817500029.0;-30.0;0.0;-0.0023399999999999996;0.0005399999999999997;0.0;0.0;0.0
0.36000000000000026;9817499999.0;9817500022.0;-23.0;0.0;-0.0018;0.00042;0.0;0.0;0.0
0.36400000000000027;9817499999.0;9817500017.0;-18.0;0.0;-0.00138;0.00030000000000000014;0.0;0.0;0.0
0.36800000000000027;9817499999.0;9817500013.0;-14.0;0.0;-0.0010799999999999998;0.00023999999999999987;0.0;0.0;0.0
0.3720000000000003;9817499999.0;9817500010.0;-11.0;0.0;-0.0008399999999999999;0.00017999999999999993;0.0;0.0;0.0
0.3760000000000003;9817499999.0;9817500008.0;-9.0;0.0;-0.00066;0.0001200000000000001;0.0;0.0;0.0
0.3800000000000003;9817499999.0;9817500006.0;-7.0;0.0;-0.0005399999999999999;0.00011999999999999994;0.0;0.0;0.0
0.3840000000000003;9817499999.0;9817500005.0;-6.0;0.0;-0.00041999999999999996;5.9999999999999995e-05;0.0;0.0;0.0
0.3880000000000003;9817499999.0;9817500004.0;-5.0;0.0;-0.00035999999999999997;5.9999999999999995e-05;0.0;0.0;0.0
0.3920000000000003;9817499999.0;9817500003.0;-4.0;0.0;-0.0003;5.9999999999999995e-05;0.0;0.0;0.0
0.3960000000000003;9817499999.0;9817500003.0;-4.0;0.0;-0.00023999999999999998;0.0;0.0;0.0;0.0
0.4000000000000003;9817499999.0;9817500003.0;-4.0;0.0;-0.00023999999999999998;0.0;0.0;0.0;0.0
0.4040000000000003;9817499999.0;9817500003.0;-4.0;0.0;-0.00023999999999999998;0.0;0.0;0.0;0.0
0.4080000000000003;9817499999.0;9817500003.0;-4.0;0.0;-0.00023999999999999998;0.0;0.0;0.0;0.0
0.4120000000000003;9817499999.0;9817500003.0;-4.0;0.0;-0.00023999999999999998;0.0;0.0;0.0;0.0
0.4160000000000003;9817499999.0;9817500003.0;-4.0;0.0;-0.00023999999999999998;0.0;0.0;0.0;0.0
0.4200000000000003;9817499999.0;9817500003.0;-4.0;0.0;-0.00023999999999999998;0.0;0.0;0.0;0.0
0.4240000000000003;9817499999.0;9817500003.0;-4.0;0.0;-0.00023999999999999998;0.0;0.0;0.0;0.0
0.4280000000000003;9817499999.0;9817500003.0;-4.0;0.0;-0.00023999999999999998;0.0;0.0;0.0;0.0
0.43200000000000033;9817499999.0;9817500003.0;-4.0;0.0;-0.00023999999999999998;0.0;0.0;0.0;0.0
0.43600000000000033;9817499999.0;9817500003.0;-4.0;0.0;-0.00023999999999999998;0.0;0.0;0.0;0.0
0.44000000000000034;9817499999.0;9817500003.0;-4.0;0.0;-0.00023999999999999998;0.0;0.0;0.0;0.0
0.44400000000000034;9817499999.0;9817500003.0;-4.0;0.0;-0.00023999999999999998;0.0;0.0;0.0;0.0
0.44800000000000034;9817499999.0;9817500003.0;-4.0;0.0;-0.00023999999999999998;0.0;0.0;0.0;0.0
0.45200000000000035;9817499999.0;9817500003.0;-4.0;0.0;-0.00023999999999999998;0.0;0.0;0.0;0.0
0.45600000000000035;9817499999.0;9817500003.0;-4.0;0.0;-0.00023999999999999998;0.0;0.0;0.0;0.0
0.46000000000000035;9817499999.0;9817500003.0;-4.0;0.0;-0.00023999999999999998;0.0;0.0;0.0;0.0
0.46400000000000036;9817499999.0;9817500003.0;-4.0;0.0;-0.00023999999999999998;0.0;0.0;0.0;0.0
0.46800000000000036;9817499999.0;9817500003.0;-4.0;0.0;-0.00023999999999999998;0.0;0.0;0.0;0.0
0.47200000000000036;9817499999.0;9817500003.0;-4.0;0.0;-0.00023999999999999998;0.0;0.0;0.0;0.0
0.47600000000000037;9817499999.0;9817500003.0;-4.0;0.0;-0.00023999999999999998;0.0;0.0;0.0;0.0
0.48000000000000037;9817499999.0;9817500003.0;-4.0;0.0;-0.00023999999999999998;0.0;0.0;0.0;0.0
0.4840000000000004;9817499999.0;9817500003.0;-4.0;0.0;-0.00023999999999999998;0.0;0.0;0.0;0.0
0.4880000000000004;9817499999.0;9817500003.0;-4.0;0.0;-0.00023999999999999998;0.0;0.0;0.0;0.0
0.4920000000000004;9817499999.0;9817500003.0;-4.0;0.0;-0.00023999999999999998;0.0;0.0;0.0;0.0
0.4960000000000004;9817499999.0;9817500003.0;-4.0;0.0;-0.00023999999999999998;0.0;0.0;0.0;0.0
0.5000000000000003;9817499999.0;9817500003.0;-4.0;0.0;-0.00023999999999999998;0.0;0.0;0.0;0.0
0.5040000000000003;9817499999.0;9817500003.0;-4.0;0.0;-0.00023999999999999998;0.0;0.0;0.0;0.0
0.5080000000000003;9817499999.0;9817500003.0;-4.0;0.0;-0.00023999999999999998;0.0;0.0;0.0;0.0
0.5120000000000003;9817499999.0;9817500003.0;-4.0;0.0;-0.00023999999999999998;0.0;0.0;0.0;0.0
0.5160000000000003;9817499999.0;9817500003.0;-4.0;0.0;-0.00023999999999999998;0.0;0.0;0.0;0.0
0.5200000000000004;9817499999.0;9817500003.0;-4.0;0.0;-0.00023999999999999998;0.0;0.0;0.0;0.0
0.5240000000000004;9817499999.0;9817500003.0;-4.0;0.0;-0.00023999999999999998;0.0;0.0;0.0;0.0
0.5280000000000004;9817499999.0;9817500003.0;-4.0;0.0;-0.00023999999999999998;0.0;0.0;0.0;0.0
0.5320000000000004;9817499999.0;9817500003.0;-4.0;0.0;-0.00023999999999999998;0.0;0.0;0.0;0.0
0.5360000000000004;9817499999.0;9817500003.0;-4.0;0.0;-0.00023999999999999998;0.0;0.0;0.0;0.0
0.5400000000000004;9817499999.0;9817500003.0;-4.0;0.0;-0.00023999999999999998;0.0;0.0;0.0;0.0
0.5440000000000004;9817499999.0;9817500003.0;-4.0;0.0;-0.00023999999999999998;0.0;0.0;0.0;0.0
0.5480000000000004;9817499999.0;9817500003.0;-4.0;0.0;-0.00023999999999999998;0.0;0.0;0.0;0.0
0.5520000000000004;9817499999.0;9817500003.0;-4.0;0.0;-0.00023999999999999998;0.0;0.0;0.0;0.0
0.5560000000000004;9817499999.0;9817500003.0;-4.0;0.0;-0.00023999999999999998;0.0;0.0;0.0;0.0
0.5600000000000004;9817499999.0;9817500003.0;-4.0;0.0;-0.00023999999999999998;0.0;0.0;0.0;0.0
0.5640000000000004;9817499999.0;9817500003.0;-4.0;0.0;-0.00023999999999999998;0.0;0.0;0.0;0.0
0.5680000000000004;9817499999.0;9817500003.0;-4.0;0.0;-0.00023999999999999998;0.0;0.0;0.0;0.0
0.5720000000000004;9817499999.0;9817500003.0;-4.0;0.0;-0.00023999999999999998;0.0;0.0;0.0;0.0
0.5760000000000004;9817499999.0;9817500003.0;-4.0;0.0;-0.00023999999999999998;0.0;0.0;0.0;0.0
0.5800000000000004;9817499999.0;9817500003.0;-4.0;0.0;-0.00023999999999999998;0.0;0.0;0.0;0.0
0.5840000000000004;9817499999.0;9817500003.0;-4.0;0.0;-0.00023999999999999998;0.0;0.0;0.0;0.0
0.5880000000000004;9817499999.0;9817500003.0;-4.0;0.0;-0.00023999999999999998;0.0;0.0;0.0;0.0
0.5920000000000004;9817499999.0;9817500003.0;-4.0;0.0;-0.00023999999999999998;0.0;0.0;0.0;0.0
0.5960000000000004;9817499999.0;9817500003.0;-4.0;0.0;-0.00023999999999999998;0.0;0.0;0.0;0.0
0.6000000000000004;9817499999.0;9817500003.0;-4.0;0.0;-0.00023999999999999998;0.0;0.0;0.0;0.0
0.6040000000000004;9817499999.0;9817500003.0;-4.0;0.0;-0.00023999999999999998;0.0;0.0;0.0;0.0
0.6080000000000004;9817499999.0;9817500003.0;-4.0;0.0;-0.00023999999999999998;0.0;0.0;0.0;0.0
0.6120000000000004;9817499999.0;9817500003.0;-4.0;0.0;-0.00023999999999999998;0.0;0.0;0.0;0.0
0.6160000000000004;9817499999.0;9817500003.0;-4.0;0.0;-0.00023999999999999998;0.0;0.0;0.0;0.0
0.6200000000000004;9817499999.0;9817500003.0;-4.0;0.0;-0.00023999999999999998;0.0;0.0;0.0;0.0
0.6240000000000004;9817499999.0;9817500003.0;-4.0;0.0;-0.00023999999999999998;0.0;0.0;0.0;0.0
0.6280000000000004;9817499999.0;9817500003.0;-4.0;0.0;-0.00023999999999999998;0.0;0.0;0.0;0.0
0.6320000000000005;9817499999.0;9817500003.0;-4.0;0.0;-0.00023999999999999998;0.0;0.0;0.0;0.0
0.6360000000000005;9817499999.0;9817500003.0;-4.0;0.0;-0.00023999999999999998;0.0;0.0;0.0;0.0
0.6400000000000005;9817499999.0;9817500003.0;-4.0;0.0;-0.00023999999999999998;0.0;0.0;0.0;0.0
0.6440000000000005;9817499999.0;9817500003.0;-4.0;0.0;-0.00023999999999999998;0.0;0.0;0.0;0.0
0.6480000000000005;9817499999.0;9817500003.0;-4.0;0.0;-0.00023999999999999998;0.0;0.0;0.0;0.0
0.6520000000000005;9817499999.0;9817500003.0;-4.0;0.0;-0.00023999999999999998;0.0;0.0;0.0;0.0
0.6560000000000005;9817499999.0;9817500003.0;-4.0;0.0;-0.00023999999999999998;0.0;0.0;0.0;0.0
0.6600000000000005;9817499999.0;9817500003.0;-4.0;0.0;-0.00023999999999999998;0.0;0.0;0.0;0.0
0.6640000000000005;9817499999.0;9817500003.0;-4.0;0.0;-0.00023999999999999998;0.0;0.0;0.0;0.0
0.6680000000000005;9817499999.0;9817500003.0;-4.0;0.0;-0.00023999999999999998;0.0;0.0;0.0;0.0
0.6720000000000005;9817499999.0;9817500003.0;-4.0;0.0;-0.00023999999999999998;0.0;0.0;0.0;0.0
0.6760000000000005;9817499999.0;9817500003.0;-4.0;0.0;-0.00023999999999999998;0.0;0.0;0.0;0.0
0.6800000000000005;9817499999.0;9817500003.0;-4.0;0.0;-0.00023999999999999998;0.0;0.0;0.0;0.0
0.6840000000000005;9817499999.0;9817500003.0;-4.0;0.0;-0.00023999999999999998;0.0;0.0;0.0;0.0
0.6880000000000005;9817499999.0;9817500003.0;-4.0;0.0;-0.00023999999999999998;0.0;0.0;0.0;0.0
0.6920000000000005;9817499999.0;9817500003.0;-4.0;0.0;-0.00023999999999999998;0.0;0.0;0.0;0.0
0.6960000000000005;9817499999.0;9817500003.0;-4.0;0.0;-0.00023999999999999998;0.0;0.0;0.0;0.0
0.7000000000000005;9817499999.0;9817500003.0;-4.0;0.0;-0.00023999999999999998;0.0;0.0;0.0;0.0
0.7040000000000005;9817499999.0;9817500003.0;-4.0;0.0;-0.00023999999999999998;0.0;0.0;0.0;0.0
0.7080000000000005;9817499999.0;9817500003.0;-4.0;0.0;-0.00023999999999999998;0.0;0.0;0.0;0.0
0.7120000000000005;9817499999.0;9817500003.0;-4.0;0.0;-0.00023999999999999998;0.0;0.0;0.0;0.0
0.7160000000000005;9817499999.0;9817500003.0;-4.0;0.0;-0.00023999999999999998;0.0;0.0;0.0;0.0
0.7200000000000005;9817499999.0;9817500003.0;-4.0;0.0;-0.00023999999999999998;0.0;0.0;0.0;0.0
0.7240000000000005;9817499999.0;9817500003.0;-4.0;0.0;-0.00023999999999999998;0.0;0.0;0.0;0.0
0.7280000000000005;9817499999.0;9817500003.0;-4.0;0.0;-0.00023999999999999998;0.0;0.0;0.0;0.0
0.7320000000000005;9817499999.0;9817500003.0;-4.0;0.0;-0.00023999999999999998;0.0;0.0;0.0;0.0
0.7360000000000005;9817499999.0;9817500003.0;-4.0;0.0;-0.00023999999999999998;0.0;0.0;0.0;0.0
0.7400000000000005;9817499999.0;9817500003.0;-4.0;0.0;-0.00023999999999999998;0.0;0.0;0.0;0.0
0.7440000000000005;9817499999.0;9817500003.0;-4.0;0.0;-0.00023999999999999998;0.0;0.0;0.0;0.0
0.7480000000000006;9817499999.0;9817500003.0;-4.0;0.0;-0.00023999999999999998;0.0;0.0;0.0;0.0
0.7520000000000006;9817499999.0;9817500003.0;-4.0;0.0;-0.00023999999999999998;0.0;0.0;0.0;0.0
0.7560000000000006;9817499999.0;9817500003.0;-4.0;0.0;-0.00023999999999999998;0.0;0.0;0.0;0.0
0.7600000000000006;9817499999.0;9817500003.0;-4.0;0.0;-0.00023999999999999998;0.0;0.0;0.0;0.0
0.7640000000000006;9817499999.0;9817500003.0;-4.0;0.0;-0.00023999999999999998;0.0;0.0;0.0;0.0
0.7680000000000006;9817499999.0;9817500003.0;-4.0;0.0;-0.00023999999999999998;0.0;0.0;0.0;0.0
0.7720000000000006;9817499999.0;9817500003.0;-4.0;0.0;-0.00023999999999999998;0.0;0.0;0.0;0.0
0.7760000000000006;9817499999.0;9817500003.0;-4.0;0.0;-0.00023999999999999998;0.0;0.0;0.0;0.0
0.7800000000000006;9817499999.0;9817500003.0;-4.0;0.0;-0.00023999999999999998;0.0;0.0;0.0;0.0
0.7840000000000006;9817499999.0;9817500003.0;-4.0;0.0;-0.00023999999999999998;0.0;0.0;0.0;0.0
0.7880000000000006;9817499999.0;9817500003.0;-4.0;0.0;-0.00023999999999999998;0.0;0.0;0.0;0.0
0.7920000000000006;9817499999.0;9817500003.0;-4.0;0.0;-0.00023999999999999998;0.0;0.0;0.0;0.0
0.7960000000000006;9817499999.0;9817500003.0;-4.0;0.0;-0.00023999999999999998;0.0;0.0;0.0;0.0
0.8000000000000006;9817499999.0;9817500003.0;-4.0;0.0;-0.00023999999999999998;0.0;0.0;0.0;0.0
0.8040000000000006;9817499999.0;9817500003.0;-4.0;0.0;-0.00023999999999999998;0.0;0.0;0.0;0.0
0.8080000000000006;9817499999.0;9817500003.0;-4.0;0.0;-0.00023999999999999998;0.0;0.0;0.0;0.0
0.8120000000000006;9817499999.0;9817500003.0;-4.0;0.0;-0.00023999999999999998;0.0;0.0;0.0;0.0
0.8160000000000006;9817499999.0;9817500003.0;-4.0;0.0;-0.00023999999999999998;0.0;0.0;0.0;0.0
0.8200000000000006;9817499999.0;9817500003.0;-4.0;0.0;-0.00023999999999999998;0.0;0.0;0.0;0.0
0.8240000000000006;9817499999.0;9817500003.0;-4.0;0.0;-0.00023999999999999998;0.0;0.0;0.0;0.0
0.8280000000000006;9817499999.0;9817500003.0;-4.0;0.0;-0.00023999999999999998;0.0;0.0;0.0;0.0
0.8320000000000006;9817499999.0;9817500003.0;-4.0;0.0;-0.00023999999999999998;0.0;0.0;0.0;0.0
0.8360000000000006;9817499999.0;9817500003.0;-4.0;0.0;-0.00023999999999999998;0.0;0.0;0.0;0.0
0.8400000000000006;9817499999.0;9817500003.0;-4.0;0.0;-0.00023999999999999998;0.0;0.0;0.0;0.0
0.8440000000000006;9817499999.0;9817500003.0;-4.0;0.0;-0.00023999999999999998;0.0;0.0;0.0;0.0
0.8480000000000006;9817499999.0;9817500003.0;-4.0;0.0;-0.00023999999999999998;0.0;0.0;0.0;0.0
0.8520000000000006;9817499999.0;9817500003.0;-4.0;0.0;-0.00023999999999999998;0.0;0.0;0.0;0.0
0.8560000000000006;9817499999.0;9817500003.0;-4.0;0.0;-0.00023999999999999998;0.0;0.0;0.0;0.0
0.8600000000000007;9817499999.0;9817500003.0;-4.0;0.0;-0.00023999999999999998;0.0;0.0;0.0;0.0
0.8640000000000007;9817499999.0;9817500003.0;-4.0;0.0;-0.00023999999999999998;0.0;0.0;0.0;0.0
0.8680000000000007;9817499999.0;9817500003.0;-4.0;0.0;-0.00023999999999999998;0.0;0.0;0.0;0.0
0.8720000000000007;9817499999.0;9817500003.0;-4.0;0.0;-0.00023999999999999998;0.0;0.0;0.0;0.0
0.8760000000000007;9817499999.0;9817500003.0;-4.0;0.0;-0.00023999999999999998;0.0;0.0;0.0;0.0
0.8800000000000007;9817499999.0;9817500003.0;-4.0;0.0;-0.00023999999999999998;0.0;0.0;0.0;0.0
0.8840000000000007;9817499999.0;9817500003.0;-4.0;0.0;-0.00023999999999999998;0.0;0.0;0.0;0.0
0.8880000000000007;9817499999.0;9817500003.0;-4.0;0.0;-0.00023999999999999998;0.0;0.0;0.0;0.0
0.8920000000000007;9817499999.0;9817500003.0;-4.0;0.0;-0.00023999999999999998;0.0;0.0;0.0;0.0
0.8960000000000007;9817499999.0;9817500003.0;-4.0;0.0;-0.00023999999999999998;0.0;0.0;0.0;0.0
0.9000000000000007;9817499999.0;9817500003.0;-4.0;0.0;-0.00023999999999999998;0.0;0.0;0.0;0.0
0.9040000000000007;9817499999.0;9817500003.0;-4.0;0.0;-0.00023999999999999998;0.0;0.0;0.0;0.0
0.9080000000000007;9817499999.0;9817500003.0;-4.0;0.0;-0.00023999999999999998;0.0;0.0;0.0;0.0
0.9120000000000007;9817499999.0;9817500003.0;-4.0;0.0;-0.00023999999999999998;0.0;0.0;0.0;0.0
0.9160000000000007;9817499999.0;9817500003.0;-4.0;0.0;-0.00023999999999999998;0.0;0.0;0.0;0.0
0.9200000000000007;9817499999.0;9817500003.0;-4.0;0.0;-0.00023999999999999998;0.0;0.0;0.0;0.0
0.9240000000000007;9817499999.0;9817500003.0;-4.0;0.0;-0.00023999999999999998;0.0;0.0;0.0;0.0
0.9280000000000007;9817499999.0;9817500003.0;-4.0;0.0;-0.00023999999999999998;0.0;0.0;0.0;0.0
0.9320000000000007;9817499999.0;9817500003.0;-4.0;0.0;-0.00023999999999999998;0.0;0.0;0.0;0.0
0.9360000000000007;9817499999.0;9817500003.0;-4.0;0.0;-0.00023999999999999998;0.0;0.0;0.0;0.0
0.9400000000000007;9817499999.0;9817500003.0;-4.0;0.0;-0.00023999999999999998;0.0;0.0;0.0;0.0
0.9440000000000007;9817499999.0;9817500003.0;-4.0;0.0;-0.00023999999999999998;0.0;0.0;0.0;0.0
0.9480000000000007;9817499999.0;9817500003.0;-4.0;0.0;-0.00023999999999999998;0.0;0.0;0.0;0.0
0.9520000000000007;9817499999.0;9817500003.0;-4.0;0.0;-0.00023999999999999998;0.0;0.0;0.0;0.0
0.9560000000000007;9817499999.0;9817500003.0;-4.0;0.0;-0.00023999999999999998;0.0;0.0;0.0;0.0
0.9600000000000007;9817499999.0;9817500003.0;-4.0;0.0;-0.00023999999999999998;0.0;0.0;0.0;0.0
0.9640000000000007;9817499999.0;9817500003.0;-4.0;0.0;-0.00023999999999999998;0.0;0.0;0.0;0.0
0.9680000000000007;9817499999.0;9817500003.0;-4.0;0.0;-0.00023999999999999998;0.0;0.0;0.0;0.0
0.9720000000000008;9817499999.0;9817500003.0;-4.0;0.0;-0.00023999999999999998;0.0;0.0;0.0;0.0
0.9760000000000008;9817499999.0;9817500003.0;-4.0;0.0;-0.00023999999999999998;0.0;0.0;0.0;0.0
0.9800000000000008;9817499999.0;9817500003.0;-4.0;0.0;-0.00023999999999999998;0.0;0.0;0.0;0.0
0.9840000000000008;9817499999.0;9817500003.0;-4.0;0.0;-0.00023999999999999998;0.0;0.0;0.0;0.0
0.9880000000000008;9817499999.0;9817500003.0;-4.0;0.0;-0.00023999999999999998;0.0;0.0;0.0;0.0
0.9920000000000008;9817499999.0;9817500003.0;-4.0;0.0;-0.00023999999999999998;0.0;0.0;0.0;0.0
0.9960000000000008;9817499999.0;9817500003.0;-4.0;0.0;-0.00023999999999999998;0.0;0.0;0.0;0.0
1.0000000000000007;9817499999.0;9817500003.0;-4.0;0.0;-0.00023999999999999998;0.0;0.0;0.0;0.0
1.0040000000000007;9817499999.0;9817500003.0;-4.0;0.0;-0.00023999999999999998;0.0;0.0;0.0;0.0
1.0080000000000007;9817499999.0;9817500003.0;-4.0;0.0;-0.00023999999999999998;0.0;0.0;0.0;0.0
1.0120000000000007;9817499999.0;9817500003.0;-4.0;0.0;-0.00023999999999999998;0.0;0.0;0.0;0.0
1.0160000000000007;9817499999.0;9817500003.0;-4.0;0.0;-0.00023999999999999998;0.0;0.0;0.0;0.0
1.0200000000000007;9817499999.0;9817500003.0;-4.0;0.0;-0.00023999999999999998;0.0;0.0;0.0;0.0
1.0240000000000007;9817499999.0;9817500003.0;-4.0;0.0;-0.00023999999999999998;0.0;0.0;0.0;0.0
1.0280000000000007;9817499999.0;9817500003.0;-4.0;0.0;-0.00023999999999999998;0.0;0.0;0.0;0.0
1.0320000000000007;9817499999.0;9817500003.0;-4.0;0.0;-0.00023999999999999998;0.0;0.0;0.0;0.0
1.0360000000000007;9817499999.0;9817500003.0;-4.0;0.0;-0.00023999999999999998;0.0;0.0;0.0;0.0
1.0400000000000007;9817499999.0;9817500003.0;-4.0;0.0;-0.00023999999999999998;0.0;0.0;0.0;0.0
1.0440000000000007;9817499999.0;9817500003.0;-4.0;0.0;-0.00023999999999999998;0.0;0.0;0.0;0.0
1.0480000000000007;9817499999.0;9817500003.0;-4.0;0.0;-0.00023999999999999998;0.0;0.0;0.0;0.0
1.0520000000000007;9817499999.0;9817500003.0;-4.0;0.0;-0.00023999999999999998;0.0;0.0;0.0;0.0
1.0560000000000007;9817499999.0;9817500003.0;-4.0;0.0;-0.00023999999999999998;0.0;0.0;0.0;0.0
1.0600000000000007;9817499999.0;9817500003.0;-4.0;0.0;-0.00023999999999999998;0.0;0.0;0.0;0.0
1.0640000000000007;9817499999.0;9817500003.0;-4.0;0.0;-0.00023999999999999998;0.0;0.0;0.0;0.0
1.0680000000000007;9817499999.0;9817500003.0;-4.0;0.0;-0.00023999999999999998;0.0;0.0;0.0;0.0
1.0720000000000007;9817499999.0;9817500003.0;-4.0;0.0;-0.00023999999999999998;0.0;0.0;0.0;0.0
1.0760000000000007;9817499999.0;9817500003.0;-4.0;0.0;-0.00023999999999999998;0.0;0.0;0.0;0.0
1.0800000000000007;9817499999.0;9817500003.0;-4.0;0.0;-0.00023999999999999998;0.0;0.0;0.0;0.0
1.0840000000000007;9817499999.0;9817500003.0;-4.0;0.0;-0.00023999999999999998;0.0;0.0;0.0;0.0
1.0880000000000007;9817499999.0;9817500003.0;-4.0;0.0;-0.00023999999999999998;0.0;0.0;0.0;0.0
1.0920000000000007;9817499999.0;9817500003.0;-4.0;0.0;-0.00023999999999999998;0.0;0.0;0.0;0.0
1.0960000000000008;9817499999.0;9817500003.0;-4.0;0.0;-0.00023999999999999998;0.0;0.0;0.0;0.0
1.1000000000000008;9817499999.0;9817500003.0;-4.0;0.0;-0.00023999999999999998;0.0;0.0;0.0;0.0
1.1040000000000008;9817499999.0;9817500003.0;-4.0;0.0;-0.00023999999999999998;0.0;0.0;0.0;0.0
1.1080000000000008;9817499999.0;9817500003.0;-4.0;0.0;-0.00023999999999999998;0.0;0.0;0.0;0.0
1.1120000000000008;9817499999.0;9817500003.0;-4.0;0.0;-0.00023999999999999998;0.0;0.0;0.0;0.0
1.1160000000000008;9817499999.0;9817500003.0;-4.0;0.0;-0.00023999999999999998;0.0;0.0;0.0;0.0
1.1200000000000008;9817499999.0;9817500003.0;-4.0;0.0;-0.00023999999999999998;0.0;0.0;0.0;0.0
1.1240000000000008;9817499999.0;9817500003.0;-4.0;0.0;-0.00023999999999999998;0.0;0.0;0.0;0.0
1.1280000000000008;9817499999.0;9817500003.0;-4.0;0.0;-0.00023999999999999998;0.0;0.0;0.0;0.0
1.1320000000000008;9817499999.0;9817500003.0;-4.0;0.0;-0.00023999999999999998;0.0;0.0;0.0;0.0
1.1360000000000008;9817499999.0;9817500003.0;-4.0;0.0;-0.00023999999999999998;0.0;0.0;0.0;0.0
1.1400000000000008;9817499999.0;9817500003.0;-4.0;0.0;-0.00023999999999999998;0.0;0.0;0.0;0.0
1.1440000000000008;9817499999.0;9817500003.0;-4.0;0.0;-0.00023999999999999998;0.0;0.0;0.0;0.0
1.1480000000000008;9817499999.0;9817500003.0;-4.0;0.0;-0.00023999999999999998;0.0;0.0;0.0;0.0
1.1520000000000008;9817499999.0;9817500003.0;-4.0;0.0;-0.00023999999999999998;0.0;0.0;0.0;0.0
1.1560000000000008;9817499999.0;9817500003.0;-4.0;0.0;-0.00023999999999999998;0.0;0.0;0.0;0.0
1.1600000000000008;9817499999.0;9817500003.0;-4.0;0.0;-0.00023999999999999998;0.0;0.0;0.0;0.0
1.1640000000000008;9817499999.0;9817500003.0;-4.0;0.0;-0.00023999999999999998;0.0;0.0;0.0;0.0
1.1680000000000008;9817499999.0;9817500003.0;-4.0;0.0;-0.00023999999999999998;0.0;0.0;0.0;0.0
1.1720000000000008;9817499999.0;9817500003.0;-4.0;0.0;-0.00023999999999999998;0.0;0.0;0.0;0.0
1.1760000000000008;9817499999.0;9817500003.0;-4.0;0.0;-0.00023999999999999998;0.0;0.0;0.0;0.0
1.1800000000000008;9817499999.0;9817500003.0;-4.0;0.0;-0.00023999999999999998;0.0;0.0;0.0;0.0
1.1840000000000008;9817499999.0;9817500003.0;-4.0;0.0;-0.00023999999999999998;0.0;0.0;0.0;0.0
1.1880000000000008;9817499999.0;9817500003.0;-4.0;0.0;-0.00023999999999999998;0.0;0.0;0.0;0.0
1.1920000000000008;9817499999.0;9817500003.0;-4.0;0.0;-0.00023999999999999998;0.0;0.0;0.0;0.0
1.1960000000000008;9817499999.0;9817500003.0;-4.0;0.0;-0.00023999999999999998;0.0;0.0;0.0;0.0
1.2000000000000008;9817499999.0;9817500003.0;-4.0;0.0;-0.00023999999999999998;0.0;0.0;0.0;0.0
1.2040000000000008;9817499999.0;9817500003.0;-4.0;0.0;-0.00023999999999999998;0.0;0.0;0.0;0.0
1.2080000000000009;9817499999.0;9817500003.0;-4.0;0.0;-0.00023999999999999998;0.0;0.0;0.0;0.0
1.2120000000000009;9817499999.0;9817500003.0;-4.0;0.0;-0.00023999999999999998;0.0;0.0;0.0;0.0
1.2160000000000009;9817499999.0;9817500003.0;-4.0;0.0;-0.00023999999999999998;0.0;0.0;0.0;0.0
1.2200000000000009;9817499999.0;9817500003.0;-4.0;0.0;-0.00023999999999999998;0.0;0.0;0.0;0.0
1.2240000000000009;9817499999.0;9817500003.0;-4.0;0.0;-0.00023999999999999998;0.0;0.0;0.0;0.0
1.2280000000000009;9817499999.0;9817500003.0;-4.0;0.0;-0.00023999999999999998;0.0;0.0;0.0;0.0
1.2320000000000009;9817499999.0;9817500003.0;-4.0;0.0;-0.00023999999999999998;0.0;0.0;0.0;0.0
1.2360000000000009;9817499999.0;9817500003.0;-4.0;0.0;-0.00023999999999999998;0.0;0.0;0.0;0.0
1.2400000000000009;9817499999.0;9817500003.0;-4.0;0.0;-0.00023999999999999998;0.0;0.0;0.0;0.0
1.2440000000000009;9817499999.0;9817500003.0;-4.0;0.0;-0.00023999999999999998;0.0;0.0;0.0;0.0
1.2480000000000009;9817499999.0;9817500003.0;-4.0;0.0;-0.00023999999999999998;0.0;0.0;0.0;0.0
1.252000000000001;9817499999.0;9817500003.0;-4.0;0.0;-0.00023999999999999998;0.0;0.0;0.0;0.0
1.256000000000001;9817499999.0;9817500003.0;-4.0;0.0;-0.00023999999999999998;0.0;0.0;0.0;0.0
1.260000000000001;9817499999.0;9817500003.0;-4.0;0.0;-0.00023999999999999998;0.0;0.0;0.0;0.0
1.264000000000001;9817499999.0;9817500003.0;-4.0;0.0;-0.00023999999999999998;0.0;0.0;0.0;0.0
1.268000000000001;9817499999.0;9817500003.0;-4.0;0.0;-0.00023999999999999998;0.0;0.0;0.0;0.0
1.272000000000001;9817499999.0;9817500003.0;-4.0;0.0;-0.00023999999999999998;0.0;0.0;0.0;0.0
1.276000000000001;9817499999.0;9817500003.0;-4.0;0.0;-0.00023999999999999998;0.0;0.0;0.0;0.0
1.280000000000001;9817499999.0;9817500003.0;-4.0;0.0;-0.00023999999999999998;0.0;0.0;0.0;0.0
1.284000000000001;9817499999.0;9817500003.0;-4.0;0.0;-0.00023999999999999998;0.0;0.0;0.0;0.0
1.288000000000001;9817499999.0;9817500003.0;-4.0;0.0;-0.00023999999999999998;0.0;0.0;0.0;0.0
1.292000000000001;9817499999.0;9817500003.0;-4.0;0.0;-0.00023999999999999998;0.0;0.0;0.0;0.0
1.296000000000001;9817499999.0;9817500003.0;-4.0;0.0;-0.00023999999999999998;0.0;0.0;0.0;0.0
1.300000000000001;9817499999.0;9817500003.0;-4.0;0.0;-0.00023999999999999998;0.0;0.0;0.0;0.0
1.304000000000001;9817499999.0;9817500003.0;-4.0;0.0;-0.00023999999999999998;0.0;0.0;0.0;0.0
1.308000000000001;9817499999.0;9817500003.0;-4.0;0.0;-0.00023999999999999998;0.0;0.0;0.0;0.0
1.312000000000001;9817499999.0;9817500003.0;-4.0;0.0;-0.00023999999999999998;0.0;0.0;0.0;0.0
1.316000000000001;9817499999.0;9817500003.0;-4.0;0.0;-0.00023999999999999998;0.0;0.0;0.0;0.0
1.320000000000001;9817499999.0;9817500003.0;-4.0;0.0;-0.00023999999999999998;0.0;0.0;0.0;0.0
1.324000000000001;9817499999.0;9817500003.0;-4.0;0.0;-0.00023999999999999998;0.0;0.0;0.0;0.0
1.328000000000001;9817499999.0;9817500003.0;-4.0;0.0;-0.00023999999999999998;0.0;0.0;0.0;0.0
1.332000000000001;9817499999.0;9817500003.0;-4.0;0.0;-0.00023999999999999998;0.0;0.0;0.0;0.0
1.336000000000001;9817499999.0;9817500003.0;-4.0;0.0;-0.00023999999999999998;0.0;0.0;0.0;0.0
1.340000000000001;9817499999.0;9817500003.0;-4.0;0.0;-0.00023999999999999998;0.0;0.0;0.0;0.0
1.344000000000001;9817560421.0;9817500003.0;-4.0;15.105336876803332;-0.00023999999999999998;0.0;3776.334219200833;0.0;3776.334219200833
1.348000000000001;9817569712.0;9817500003.0;60418.0;2.322713543527721;-0.00023999999999999998;18.730656876803334;-3195.6558333189028;0.0;-3195.6558333189028
1.352000000000001;9817578153.0;9817574924.0;-5212.0;2.1102138464317615;18.730416876803332;-16.720423333275612;-53.12492427398985;0.0;-53.12492427398985
1.356000000000001;9817584893.0;9817582963.0;-4810.0;1.685036426056057;2.0099935435277207;-0.18837969709595925;-106.2943550939261;0.0;-106.2943550939261
1.360000000000001;9817589374.0;9817590249.0;-5356.0;1.1204134354191213;1.8216138464317615;-0.4579374203757045;-141.15574765923395;0.0;-141.15574765923395
1.364000000000001;9817591789.0;9817595703.0;-6329.0;0.6036911786117308;1.363676426056057;-0.6230029906369356;-129.18056420184763;0.0;-129.18056420184763
1.368000000000001;9817592688.0;9817598665.0;-6876.0;0.2248186936065875;0.7406734354191213;-0.5495422568073904;-94.71812125128584;0.0;-94.71812125128584
1.372000000000001;9817592677.0;9817599429.0;-6741.0;-0.002831860557022867;0.19113117861173085;-0.37077248500514337;-56.91263854090259;0.0;-56.91263854090259
1.376000000000001;9817592268.0;9817598711.0;-6034.0;-0.10215199124679583;-0.1796413063934125;-0.18523055416361037;-24.83003267244324;0.0;-24.83003267244324
1.380000000000001;9817591794.0;9817597252.0;-4984.0;-0.1186080362419443;-0.36487186055702286;-0.03632013068977297;-4.114011248787117;0.0;-4.114011248787117
1.384000000000001;9817591405.0;9817595648.0;-3854.0;-0.09715951995476703;-0.40119199124679583;0.05134395500485156;5.3621290717943175;0.0;5.3621290717943175
1.388000000000001;9817591131.0;9817594249.0;-2844.0;-0.06859254629581142;-0.34984803624194427;0.08204851628717724;7.141743414738902;0.0;7.141743414738902
1.392000000000001;9817590941.0;9817593178.0;-2047.0;-0.047441531918388805;-0.26779951995476703;0.07638697365895564;5.287753594355654;0.0;5.287753594355654
1.396000000000001;9817590795.0;9817592413.0;-1472.0;-0.036578402297764524;-0.1914125462958114;0.05565101437742259;2.71578240515607;0.0;2.71578240515607
1.400000000000001;9817590662.0;9817591870.0;-1075.0;-0.033231478703965735;-0.1357615319183888;0.03468312962062428;0.8367308984496974;0.0;0.8367308984496974
1.404000000000001;9817590528.0;9817591466.0;-804.0;-0.03346372697979469;-0.10107840229776452;0.019606923593798786;-0.058062068957238575;0.0;-0.058062068957238575
1.408000000000001;9817590391.0;9817591141.0;-613.0;-0.0343816394326716;-0.08147147870396573;0.011227751724171037;-0.22947811321922737;0.0;-0.22947811321922737
1.412000000000001;9817590252.0;9817590861.0;-470.0;-0.03460867652415938;-0.0702437269797947;0.007662087547123109;-0.0567592728719455;0.0;-0.0567592728719455
1.416000000000001;9817590117.0;9817590611.0;-359.0;-0.033889822059132275;-0.06258163943267159;0.00643296290851221;0.17971361625677626;0.0;0.17971361625677626
1.420000000000001;9817589987.0;9817590387.0;-270.0;-0.03250391612792252;-0.05614867652415938;0.0060588544650271026;0.3464764828024387;0.0;0.3464764828024387
1.424000000000001;9817589863.0;9817590187.0;-200.0;-0.03082656709067191;-0.050089822059132275;0.005585905931209757;0.4193372593126526;0.0;0.4193372593126526
1.428000000000001;9817589747.0;9817590009.0;-146.0;-0.029121642605090696;-0.04450391612792252;0.004917349037250607;0.42623112139530356;0.0;0.42623112139530356
1.432000000000001;9817589637.0;9817589851.0;-104.0;-0.02750374245677219;-0.03958656709067191;0.004224924485581212;0.40447503707962634;0.0;0.40447503707962634
1.436000000000001;9817589533.0;9817589710.0;-73.0;-0.025982541883056192;-0.0353616426050907;0.0034779001483185093;0.38030014342899965;0.0;0.38030014342899965
1.440000000000001;9817589435.0;9817589583.0;-50.0;-0.024521916572575915;-0.03188374245677219;0.002901200573715998;0.3651563276200693;0.0;0.3651563276200693
1.444000000000001;9817589342.0;9817589468.0;-33.0;-0.023081604037402566;-0.02898254188305619;0.002480625310480277;0.3600781337933373;0.0;0.3600781337933373
1.448000000000001;9817589256.0;9817589362.0;-20.0;-0.02163550634388557;-0.026501916572575914;0.0022203125351733487;0.36152442337924856;0.0;0.36152442337924856
1.452000000000001;9817589175.0;9817589265.0;-9.0;-0.02017349038125978;-0.024281604037402565;0.002106097693516995;0.365503990656448;0.0;0.365503990656448
1.456000000000001;9817589100.0;9817589177.0;-2.0;-0.018695880606639372;-0.02217550634388557;0.0018820159626257923;0.36940244365510183;0.0;0.36940244365510183
1.460000000000001;9817589032.0;9817589096.0;4.0;-0.01720718223337431;-0.020293490381259778;0.0018376097746204065;0.37217459331626535;0.0;0.37217459331626535
1.464000000000001;9817588969.0;9817589023.0;9.0;-0.015711956963848417;-0.01845588060663937;0.0017886983732650595;0.3738063173814735;0.0;0.3738063173814735
1.468000000000001;9817588912.0;9817588957.0;12.0;-0.014213150743757995;-0.016667182233374312;0.0016752252695258953;0.37470155502260544;0.0;0.37470155502260544
1.472000000000001;9817588724.0;9817588898.0;14.0;-0.04690996187754803;-0.014991956963848417;0.001618806220090422;-8.174202783447509;0.0;-8.174202783447509
1.476000000000001;9817588065.0;9817588845.0;-121.0;-0.16489070130766256;-0.013373150743757995;-0.04079681113379003;-29.495184857528635;0.0;-29.495184857528635
1.480000000000001;9817586685.0;9817588629.0;-564.0;-0.34488040842716783;-0.05416996187754802;-0.14456073943011455;-44.997426779876314;0.0;-44.997426779876314
1.484000000000001;9817584262.0;9817587835.0;-1150.0;-0.6057827827403646;-0.19873070130766257;-0.21514970711950526;-65.22559357829918;0.0;-65.22559357829918
1.488000000000001;9817580095.0;9817586180.0;-1918.0;-1.041880831192702;-0.41388040842716783;-0.3069823743131967;-109.02451211308434;0.0;-109.02451211308434
1.492000000000001;9817573753.0;9817583297.0;-3202.0;-1.585425904829779;-0.7208627827403645;-0.5131380484523375;-135.88626840926926;0.0;-135.88626840926926
1.496000000000001;9817565519.0;9817578361.0;-4608.0;-2.0584630823440375;-1.234000831192702;-0.6279050736370768;-118.25929437856463;0.0;-118.25929437856463
1.500000000000001;9817556040.0;9817570914.0;-5395.0;-2.3697965440899327;-1.8619059048297788;-0.5202571775142588;-77.83336543647378;0.0;-77.83336543647378
1.5040000000000011;9817499999.0;9817561386.0;-5346.0;-14.01007545338864;-2.3821630823440376;-0.308393461745895;-2910.0697273246765;0.0;-2910.0697273246765
1.5080000000000011;9817499999.0;9817550624.0;-50625.0;0.0;-2.6905565440899326;-14.357018909298706;3502.51886334716;0.0;3502.51886334716
1.5120000000000011;9817499999.0;9817482434.0;17565.0;0.0;-17.04757545338864;18.101475453388638;0.0;0.0;0.0
1.5160000000000011;9817499999.0;9817486649.0;13350.0;0.0;1.0538999999999998;-0.2528999999999999;0.0;0.0;0.0
1.5200000000000011;9817499999.0;9817489852.0;10147.0;0.0;0.8009999999999999;-0.19218000000000002;0.0;0.0;0.0
1.5240000000000011;9817499999.0;9817492287.0;7712.0;0.0;0.6088199999999999;-0.14609999999999995;0.0;0.0;0.0
1.5280000000000011;9817499999.0;9817494137.0;5862.0;0.0;0.46271999999999996;-0.11099999999999999;0.0;0.0;0.0
1.5320000000000011;9817499999.0;9817495543.0;4456.0;0.0;0.35172;-0.08435999999999999;0.0;0.0;0.0
1.5360000000000011;9817499999.0;9817496612.0;3387.0;0.0;0.26736;-0.06414;0.0;0.0;0.0
1.5400000000000011;9817499999.0;9817497424.0;2575.0;0.0;0.20321999999999998;-0.048719999999999986;0.0;0.0;0.0
1.5440000000000011;9817499999.0;9817498042.0;1957.0;0.0;0.1545;-0.03708;0.0;0.0;0.0
1.5480000000000012;9817499999.0;9817498511.0;1488.0;0.0;0.11742;-0.02814;0.0;0.0;0.0
1.5520000000000012;9817499999.0;9817498868.0;1131.0;0.0;0.08928;-0.02142000000000001;0.0;0.0;0.0
1.5560000000000012;9817499999.0;9817499139.0;860.0;0.0;0.06785999999999999;-0.016259999999999997;0.0;0.0;0.0
1.5600000000000012;9817499999.0;9817499345.0;654.0;0.0;0.05159999999999999;-0.012359999999999996;0.0;0.0;0.0
1.5640000000000012;9817499999.0;9817499501.0;498.0;0.0;0.03924;-0.00936;0.0;0.0;0.0
1.5680000000000012;9817499999.0;9817499620.0;379.0;0.0;0.029879999999999997;-0.0071400000000000005;0.0;0.0;0.0
1.5720000000000012;9817499999.0;9817499710.0;289.0;-8.515934755133369e-10;0.022739999999999996;-0.0053999999999999986;-2.1289836887833425e-07;0.0;-2.1289836887833425e-07
1.5760000000000012;9817499999.0;9817499779.0;220.0;0.0;0.017339999999999998;-0.004140000851593476;2.1289836887833425e-07;0.0;2.1289836887833425e-07
1.5800000000000012;9817499999.0;9817499831.0;168.0;0.0;0.013199999148406522;-0.0031199991484065232;0.0;0.0;0.0
1.5840000000000012;9817499999.0;9817499871.0;128.0;8.515934755133369e-10;0.010079999999999999;-0.0023999999999999994;2.1289836887833425e-07;0.0;2.1289836887833425e-07
1.5880000000000012;9817499999.0;9817499901.0;98.0;8.515934755133369e-10;0.007679999999999999;-0.001799999148406524;0.0;0.0;0.0
1.5920000000000012;9817499999.0;9817499924.0;75.0;5.67728983675558e-10;0.005880000851593475;-0.0013800000000000002;-7.096612295944474e-08;0.0;-7.096612295944474e-08
1.5960000000000012;9817499999.0;9817499942.0;57.0;8.515934755133369e-10;0.004500000851593475;-0.0010800002838644916;7.096612295944474e-08;0.0;7.096612295944474e-08
1.6000000000000012;9817499999.0;9817499955.0;44.0;0.0;0.0034200005677289835;-0.0007799997161355081;-2.1289836887833425e-07;0.0;-2.1289836887833425e-07
1.6040000000000012;9817560777.0;9817499965.0;34.0;15.194356882215553;0.0026400008515934754;-0.0006000008515934757;3798.5892205538885;0.0;3798.5892205538885
1.6080000000000012;9817569590.0;9817499973.0;60804.0;2.203185775545372;0.0020399999999999997;18.84055688221555;-3247.7927766675452;0.0;-3247.7927766675452
1.6120000000000012;9817577059.0;9817575343.0;-5753.0;1.867345624002108;18.842596882215553;-16.98459110667018;-83.96003788581596;0.0;-83.96003788581596
1.6160000000000012;9817582929.0;9817582775.0;-5716.0;1.467548531247993;1.8580057755453718;-0.33362015154326374;-99.94927318852875;0.0;-99.94927318852875
1.6200000000000012;9817586947.0;9817588872.0;-5943.0;1.004320384356742;1.524385624002108;-0.413417092754115;-115.80703672281273;0.0;-115.80703672281273
1.6240000000000012;9817589110.0;9817593315.0;-6368.0;0.5408339622221342;1.110968531247993;-0.488728146891251;-115.87160553365197;0.0;-115.87160553365197
1.6280000000000012;9817589865.0;9817595803.0;-6693.0;0.18889995122750267;0.6222403843567421;-0.4829864221346079;-87.98350274865788;0.0;-87.98350274865788
1.6320000000000012;9817589830.0;9817596360.0;-6495.0;-0.008764855244161427;0.1392539622221342;-0.3400540109946315;-49.41620161791602;0.0;-49.41620161791602
1.6360000000000012;9817589522.0;9817595557.0;-5727.0;-0.07717542254313896;-0.20080004877249732;-0.15158480647166409;-17.10264182474438;0.0;-17.10264182474438
1.6400000000000012;9817589244.0;9817594148.0;-4626.0;-0.06951384951004332;-0.3523848552441614;-0.002350567298977535;1.9153932582739106;0.0;1.9153932582739106
1.6440000000000012;9817589107.0;9817592730.0;-3486.0;-0.03414274929546262;-0.35473542254313895;0.07606157303309563;8.842775053645173;0.0;8.842775053645173
1.6480000000000012;9817589105.0;9817591616.0;-2509.0;-0.0004835861548694954;-0.2786738495100433;0.09399110021458071;8.41479078514828;0.0;8.41479078514828
1.6520000000000012;9817589187.0;9817590878.0;-1773.0;0.02043563441377561;-0.1846827492954626;0.07781916314059312;5.229805142161276;0.0;5.229805142161276
1.6560000000000012;9817589303.0;9817590451.0;-1264.0;0.02905755906060035;-0.10686358615486949;0.0514592205686451;2.1554811617061858;0.0;2.1554811617061858
1.6600000000000013;9817589424.0;9817590230.0;-927.0;0.030220375319945807;-0.055404365586224386;0.02884192464682474;0.29070406483636385;0.0;0.29070406483636385
1.6640000000000013;9817589539.0;9817590124.0;-700.0;0.028662515634160404;-0.026562440939399645;0.014782816259345456;-0.3894649214463506;0.0;-0.3894649214463506
1.6680000000000013;9817589648.0;9817590077.0;-538.0;0.02726963543625069;-0.011779624680054189;0.008162140314214597;-0.3482200494774289;0.0;-0.3482200494774289
1.6720000000000013;9817589756.0;9817590063.0;-415.0;0.027088974706116896;-0.003617484365839592;0.005987119802090282;-0.045165182533448214;0.0;-0.045165182533448214
1.6760000000000013;9817589868.0;9817590072.0;-316.0;0.028042845977361845;0.0023696354362506902;0.005759339269866208;0.23846781781123716;0.0;0.23846781781123716
1.6800000000000013;9817589987.0;9817590104.0;-236.0;0.02964500697506591;0.008128974706116898;0.005753871271244947;0.40054024942601674;0.0;0.40054024942601674
1.6840000000000013;9817590113.0;9817590159.0;-172.0;0.03144116721151074;0.013882845977361846;0.005442160997704067;0.44904005911120676;0.0;0.44904005911120676
1.6880000000000013;9817590245.0;9817590236.0;-123.0;0.03316948440213532;0.019325006975065912;0.004736160236444829;0.43207929765614467;0.0;0.43207929765614467
1.6920000000000013;9817590384.0;9817590332.0;-87.0;0.034748033267543825;0.02406116721151074;0.0038883171906245774;0.39463721635212695;0.0;0.39463721635212695
1.6960000000000013;9817590529.0;9817590443.0;-59.0;0.036198896194285304;0.027949484402135318;0.0032585488654085053;0.36271573168536986;0.0;0.36271573168536986
1.7000000000000013;9817590679.0;9817590567.0;-38.0;0.037577011748381066;0.031208033267543824;0.0027108629267414835;0.34452888852394037;0.0;0.34452888852394037
1.7040000000000013;9817590835.0;9817590702.0;-23.0;0.03892886557901445;0.03391889619428531;0.0022781155540957596;0.3379634576583454;0.0;0.3379634576583454
1.7080000000000013;9817590996.0;9817590846.0;-11.0;0.04027929213898287;0.03619701174838107;0.00207185383063338;0.33760663999210516;0.0;0.33760663999210516
1.7120000000000013;9817591163.0;9817590999.0;-3.0;0.04163465396700639;0.03826886557901445;0.001830426559968422;0.33884045700588106;0.0;0.33884045700588106
1.7160000000000013;9817591335.0;9817591159.0;4.0;0.04299131163643514;0.04009929213898287;0.0017753618280235209;0.33916441735718644;0.0;0.33916441735718644
1.7200000000000013;9817591512.0;9817591326.0;9.0;0.044342909421296886;0.04187465396700639;0.0016566576694287474;0.337899446215437;0.0;0.337899446215437
1.7240000000000013;9817591682.0;9817591500.0;12.0;0.04236306047218383;0.04353131163643514;0.0015315977848617476;-0.4949622372782646;0.0;-0.4949622372782646
1.7280000000000013;9817591810.0;9817591680.0;2.0;0.03207778897189736;0.045062909421296884;-0.0025798489491130547;-2.5713178750716175;0.0;-2.5713178750716175
1.7320000000000013;9817591873.0;9817591849.0;-39.0;0.015723743585278508;0.04248306047218383;-0.012745271500286471;-4.0885113466547125;0.0;-4.0885113466547125
1.7360000000000013;9817591517.0;9817591967.0;-94.0;-0.08897653837804494;0.02973778897189736;-0.01965404538661885;-26.175070490830862;0.0;-26.175070490830862
1.7400000000000013;9817589870.0;9817592007.0;-490.0;-0.4115950477579039;0.010083743585278509;-0.12846028196332343;-80.65462734496474;0.0;-80.65462734496474
1.7440000000000013;9817586305.0;9817591534.0;-1664.0;-0.8914483360189045;-0.11837653837804493;-0.393058509379859;-119.96332206525015;0.0;-119.96332206525015
1.7480000000000013;9817580798.0;9817589489.0;-3184.0;-1.3767727328332526;-0.5114350477579039;-0.5710532882610004;-121.33109920358703;0.0;-121.33109920358703
1.7520000000000013;9817573548.0;9817585160.0;-4362.0;-1.8124331919652488;-1.0824883360189044;-0.5560043968143482;-108.91511478299904;0.0;-108.91511478299904
1.7560000000000013;9817564904.0;9817578607.0;-5059.0;-2.160975089274439;-1.6384927328332526;-0.4774804591319963;-87.13547432729757;0.0;-87.13547432729757
1.7600000000000013;9817555378.0;9817570144.0;-5240.0;-2.3814326492118685;-2.115973191965249;-0.35940189730919014;-55.11438998435736;0.0;-55.11438998435736
1.7640000000000013;9817499999.0;9817560243.0;-4865.0;-13.844675830168619;-2.475375089274439;-0.19795755993742947;-2865.8107952391874;0.0;-2865.8107952391874
1.7680000000000013;9817499999.0;9817549550.0;-49551.0;0.0;-2.6733326492118685;-14.14440318095675;3461.1689575421547;0.0;3461.1689575421547
1.7720000000000014;9817499999.0;9817482280.0;17719.0;0.0;-16.81773583016862;17.88087583016862;0.0;0.0;0.0
1.7760000000000014;9817499999.0;9817486532.0;13467.0;0.0;1.06314;-0.25512;0.0;0.0;0.0
1.7800000000000014;9817499999.0;9817489764.0;10235.0;0.0;0.80802;-0.19391999999999998;0.0;0.0;0.0
1.7840000000000014;9817499999.0;9817492220.0;7779.0;0.0;0.6141;-0.14736000000000005;0.0;0.0;0.0
1.7880000000000014;9817499999.0;9817494086.0;5913.0;0.0;0.46673999999999993;-0.11195999999999995;0.0;0.0;0.0
1.7920000000000014;9817499999.0;9817495505.0;4494.0;0.0;0.35478;-0.08514;0.0;0.0;0.0
1.7960000000000014;9817499999.0;9817496583.0;3416.0;0.0;0.26964;-0.06468000000000002;0.0;0.0;0.0
1.8000000000000014;9817499999.0;9817497402.0;2597.0;0.0;0.20495999999999998;-0.04913999999999999;0.0;0.0;0.0
1.8040000000000014;9817499999.0;9817498025.0;1974.0;0.0;0.15582;-0.03738;0.0;0.0;0.0
1.8080000000000014;9817499999.0;9817498498.0;1501.0;0.0;0.11843999999999999;-0.028380000000000002;0.0;0.0;0.0
1.8120000000000014;9817499999.0;9817498858.0;1141.0;0.0;0.09005999999999999;-0.021599999999999994;0.0;0.0;0.0
1.8160000000000014;9817499999.0;9817499131.0;868.0;0.0;0.06846;-0.01638;0.0;0.0;0.0
1.8200000000000014;9817499999.0;9817499339.0;660.0;0.0;0.052079999999999994;-0.012479999999999998;0.0;0.0;0.0
1.8240000000000014;9817499999.0;9817499497.0;502.0;0.0;0.039599999999999996;-0.009479999999999999;0.0;0.0;0.0
1.8280000000000014;9817499999.0;9817499617.0;382.0;0.0;0.030119999999999997;-0.007199999999999998;0.0;0.0;0.0
1.8320000000000014;9817499999.0;9817499708.0;291.0;0.0;0.02292;-0.00546;0.0;0.0;0.0
1.8360000000000014;9817499999.0;9817499777.0;222.0;0.0;0.01746;-0.004140000000000001;0.0;0.0;0.0
1.8400000000000014;9817499999.0;9817499830.0;169.0;0.0;0.013319999999999999;-0.003179999999999999;0.0;0.0;0.0
1.8440000000000014;9817499999.0;9817499870.0;129.0;0.0;0.01014;-0.0024000000000000002;0.0;0.0;0.0
1.8480000000000014;9817499999.0;9817499900.0;99.0;0.0;0.0077399999999999995;-0.0018000000000000004;0.0;0.0;0.0
1.8520000000000014;9817499999.0;9817499923.0;76.0;0.0;0.005939999999999999;-0.0013799999999999993;0.0;0.0;0.0
1.8560000000000014;9817499999.0;9817499941.0;58.0;0.0;0.00456;-0.0010800000000000002;0.0;0.0;0.0
1.8600000000000014;9817499999.0;9817499954.0;45.0;0.0;0.0034799999999999996;-0.0007799999999999999;0.0;0.0;0.0
1.8640000000000014;9817499999.0;9817499964.0;35.0;0.0;0.0026999999999999997;-0.0005999999999999998;0.0;0.0;0.0
1.8680000000000014;9817499999.0;9817499972.0;27.0;0.0;0.0021;-0.00047999999999999996;0.0;0.0;0.0
1.8720000000000014;9817499999.0;9817499978.0;21.0;0.0;0.00162;-0.0003600000000000001;0.0;0.0;0.0
1.8760000000000014;9817499999.0;9817499983.0;16.0;0.0;0.0012599999999999998;-0.0002999999999999999;0.0;0.0;0.0
1.8800000000000014;9817499999.0;9817499986.0;13.0;0.0;0.0009599999999999999;-0.00018000000000000004;0.0;0.0;0.0
1.8840000000000015;9817499999.0;9817499989.0;10.0;0.0;0.0007799999999999999;-0.00017999999999999993;0.0;0.0;0.0
1.8880000000000015;9817499999.0;9817499991.0;8.0;0.0;0.0006;-0.00011999999999999999;0.0;0.0;0.0
1.8920000000000015;9817499999.0;9817499992.0;7.0;0.0;0.00047999999999999996;-5.9999999999999995e-05;0.0;0.0;0.0
1.8960000000000015;9817499999.0;9817499993.0;6.0;0.0;0.00041999999999999996;-5.9999999999999995e-05;0.0;0.0;0.0
1.9000000000000015;9817499999.0;9817499994.0;5.0;0.0;0.00035999999999999997;-5.9999999999999995e-05;0.0;0.0;0.0
1.9040000000000015;9817499999.0;9817499995.0;4.0;0.0;0.0003;-5.9999999999999995e-05;0.0;0.0;0.0
1.9080000000000015;9817499999.0;9817499995.0;4.0;0.0;0.00023999999999999998;0.0;0.0;0.0;0.0
1.9120000000000015;9817499999.0;9817499995.0;4.0;0.0;0.00023999999999999998;0.0;0.0;0.0;0.0
1.9160000000000015;9817499999.0;9817499995.0;4.0;0.0;0.00023999999999999998;0.0;0.0;0.0;0.0
1.9200000000000015;9817499999.0;9817499995.0;4.0;0.0;0.00023999999999999998;0.0;0.0;0.0;0.0
1.9240000000000015;9817499999.0;9817499995.0;4.0;0.0;0.00023999999999999998;0.0;0.0;0.0;0.0
1.9280000000000015;9817499999.0;9817499995.0;4.0;0.0;0.00023999999999999998;0.0;0.0;0.0;0.0
1.9320000000000015;9817499999.0;9817499995.0;4.0;0.0;0.00023999999999999998;0.0;0.0;0.0;0.0
1.9360000000000015;9817499999.0;9817499995.0;4.0;0.0;0.00023999999999999998;0.0;0.0;0.0;0.0
1.9400000000000015;9817499999.0;9817499995.0;4.0;0.0;0.00023999999999999998;0.0;0.0;0.0;0.0
1.9440000000000015;9817499999.0;9817499995.0;4.0;0.0;0.00023999999999999998;0.0;0.0;0.0;0.0
1.9480000000000015;9817499999.0;9817499995.0;4.0;0.0;0.00023999999999999998;0.0;0.0;0.0;0.0
1.9520000000000015;9817499999.0;9817499995.0;4.0;0.0;0.00023999999999999998;0.0;0.0;0.0;0.0
1.9560000000000015;9817499999.0;9817499995.0;4.0;0.0;0.00023999999999999998;0.0;0.0;0.0;0.0
1.9600000000000015;9817499999.0;9817499995.0;4.0;0.0;0.00023999999999999998;0.0;0.0;0.0;0.0
1.9640000000000015;9817499999.0;9817499995.0;4.0;0.0;0.00023999999999999998;0.0;0.0;0.0;0.0
1.9680000000000015;9817499999.0;9817499995.0;4.0;0.0;0.00023999999999999998;0.0;0.0;0.0;0.0
1.9720000000000015;9817499999.0;9817499995.0;4.0;0.0;0.00023999999999999998;0.0;0.0;0.0;0.0
1.9760000000000015;9817499999.0;9817499995.0;4.0;0.0;0.00023999999999999998;0.0;0.0;0.0;0.0
1.9800000000000015;9817499999.0;9817499995.0;4.0;0.0;0.00023999999999999998;0.0;0.0;0.0;0.0
1.9840000000000015;9817499999.0;9817499995.0;4.0;0.0;0.00023999999999999998;0.0;0.0;0.0;0.0
1.9880000000000015;9817499999.0;9817499995.0;4.0;0.0;0.00023999999999999998;0.0;0.0;0.0;0.0
1.9920000000000015;9817499999.0;9817499995.0;4.0;0.0;0.00023999999999999998;0.0;0.0;0.0;0.0
1.9960000000000016;9817499999.0;9817499995.0;4.0;0.0;0.00023999999999999998;0.0;0.0;0.0;0.0
2.0000000000000013;9817499999.0;9817499995.0;4.0;0.0;0.00023999999999999998;0.0;0.0;0.0;0.0
2.0040000000000013;9817499999.0;9817499995.0;4.0;0.0;0.00023999999999999998;0.0;0.0;0.0;0.0
2.0080000000000013;9817499999.0;9817499995.0;4.0;0.0;0.00023999999999999998;0.0;0.0;0.0;0.0
2.0120000000000013;9817499999.0;9817499995.0;4.0;0.0;0.00023999999999999998;0.0;0.0;0.0;0.0
2.0160000000000013;9817499999.0;9817499995.0;4.0;0.0;0.00023999999999999998;0.0;0.0;0.0;0.0
2.0200000000000014;9817499999.0;9817499995.0;4.0;0.0;0.00023999999999999998;0.0;0.0;0.0;0.0
2.0240000000000014;9817499999.0;9817499995.0;4.0;0.0;0.00023999999999999998;0.0;0.0;0.0;0.0
2.0280000000000014;9817499999.0;9817499995.0;4.0;0.0;0.00023999999999999998;0.0;0.0;0.0;0.0
2.0320000000000014;9817499999.0;9817499995.0;4.0;0.0;0.00023999999999999998;0.0;0.0;0.0;0.0
2.0360000000000014;9817499999.0;9817499995.0;4.0;0.0;0.00023999999999999998;0.0;0.0;0.0;0.0
2.0400000000000014;9817499999.0;9817499995.0;4.0;0.0;0.00023999999999999998;0.0;0.0;0.0;0.0
2.0440000000000014;9817499999.0;9817499995.0;4.0;0.0;0.00023999999999999998;0.0;0.0;0.0;0.0
2.0480000000000014;9817499999.0;9817499995.0;4.0;0.0;0.00023999999999999998;0.0;0.0;0.0;0.0
2.0520000000000014;9817499999.0;9817499995.0;4.0;0.0;0.00023999999999999998;0.0;0.0;0.0;0.0
2.0560000000000014;9817499999.0;9817499995.0;4.0;0.0;0.00023999999999999998;0.0;0.0;0.0;0.0
2.0600000000000014;9817499999.0;9817499995.0;4.0;0.0;0.00023999999999999998;0.0;0.0;0.0;0.0
2.0640000000000014;9817499999.0;9817499995.0;4.0;0.0;0.00023999999999999998;0.0;0.0;0.0;0.0
2.0680000000000014;9817499999.0;9817499995.0;4.0;0.0;0.00023999999999999998;0.0;0.0;0.0;0.0
2.0720000000000014;9817499999.0;9817499995.0;4.0;0.0;0.00023999999999999998;0.0;0.0;0.0;0.0
2.0760000000000014;9817499999.0;9817499995.0;4.0;0.0;0.00023999999999999998;0.0;0.0;0.0;0.0
2.0800000000000014;9817499999.0;9817499995.0;4.0;0.0;0.00023999999999999998;0.0;0.0;0.0;0.0
2.0840000000000014;9817499999.0;9817499995.0;4.0;0.0;0.00023999999999999998;0.0;0.0;0.0;0.0
2.0880000000000014;9817499999.0;9817499995.0;4.0;0.0;0.00023999999999999998;0.0;0.0;0.0;0.0
2.0920000000000014;9817499999.0;9817499995.0;4.0;0.0;0.00023999999999999998;0.0;0.0;0.0;0.0
2.0960000000000014;9817499999.0;9817499995.0;4.0;0.0;0.00023999999999999998;0.0;0.0;0.0;0.0
2.1000000000000014;9817499999.0;9817499995.0;4.0;0.0;0.00023999999999999998;0.0;0.0;0.0;0.0
2.1040000000000014;9817499999.0;9817499995.0;4.0;0.0;0.00023999999999999998;0.0;0.0;0.0;0.0
2.1080000000000014;9817499999.0;9817499995.0;4.0;0.0;0.00023999999999999998;0.0;0.0;0.0;0.0
2.1120000000000014;9817499999.0;9817499995.0;4.0;0.0;0.00023999999999999998;0.0;0.0;0.0;0.0
2.1160000000000014;9817499999.0;9817499995.0;4.0;0.0;0.00023999999999999998;0.0;0.0;0.0;0.0
2.1200000000000014;9817499999.0;9817499995.0;4.0;0.0;0.00023999999999999998;0.0;0.0;0.0;0.0
2.1240000000000014;9817499999.0;9817499995.0;4.0;0.0;0.00023999999999999998;0.0;0.0;0.0;0.0
2.1280000000000014;9817499999.0;9817499995.0;4.0;0.0;0.00023999999999999998;0.0;0.0;0.0;0.0
2.1320000000000014;9817499999.0;9817499995.0;4.0;0.0;0.00023999999999999998;0.0;0.0;0.0;0.0
2.1360000000000015;9817499999.0;9817499995.0;4.0;0.0;0.00023999999999999998;0.0;0.0;0.0;0.0
2.1400000000000015;9817499999.0;9817499995.0;4.0;0.0;0.00023999999999999998;0.0;0.0;0.0;0.0
2.1440000000000015;9817499999.0;9817499995.0;4.0;0.0;0.00023999999999999998;0.0;0.0;0.0;0.0
2.1480000000000015;9817499999.0;9817499995.0;4.0;0.0;0.00023999999999999998;0.0;0.0;0.0;0.0
2.1520000000000015;9817499999.0;9817499995.0;4.0;0.0;0.00023999999999999998;0.0;0.0;0.0;0.0
2.1560000000000015;9817499999.0;9817499995.0;4.0;0.0;0.00023999999999999998;0.0;0.0;0.0;0.0
2.1600000000000015;9817499999.0;9817499995.0;4.0;0.0;0.00023999999999999998;0.0;0.0;0.0;0.0
2.1640000000000015;9817499999.0;9817499995.0;4.0;0.0;0.00023999999999999998;0.0;0.0;0.0;0.0
2.1680000000000015;9817499999.0;9817499995.0;4.0;0.0;0.00023999999999999998;0.0;0.0;0.0;0.0
2.1720000000000015;9817499999.0;9817499995.0;4.0;0.0;0.00023999999999999998;0.0;0.0;0.0;0.0
2.1760000000000015;9817499999.0;9817499995.0;4.0;0.0;0.00023999999999999998;0.0;0.0;0.0;0.0
2.1800000000000015;9817499999.0;9817499995.0;4.0;0.0;0.00023999999999999998;0.0;0.0;0.0;0.0
2.1840000000000015;9817499999.0;9817499995.0;4.0;0.0;0.00023999999999999998;0.0;0.0;0.0;0.0
2.1880000000000015;9817499999.0;9817499995.0;4.0;0.0;0.00023999999999999998;0.0;0.0;0.0;0.0
2.1920000000000015;9817499999.0;9817499995.0;4.0;0.0;0.00023999999999999998;0.0;0.0;0.0;0.0
2.1960000000000015;9817499999.0;9817499995.0;4.0;0.0;0.00023999999999999998;0.0;0.0;0.0;0.0
2.2000000000000015;9817499999.0;9817499995.0;4.0;0.0;0.00023999999999999998;0.0;0.0;0.0;0.0
2.2040000000000015;9817499999.0;9817499995.0;4.0;0.0;0.00023999999999999998;0.0;0.0;0.0;0.0
2.2080000000000015;9817499999.0;9817499995.0;4.0;0.0;0.00023999999999999998;0.0;0.0;0.0;0.0
2.2120000000000015;9817499999.0;9817499995.0;4.0;0.0;0.00023999999999999998;0.0;0.0;0.0;0.0
2.2160000000000015;9817499999.0;9817499995.0;4.0;0.0;0.00023999999999999998;0.0;0.0;0.0;0.0
2.2200000000000015;9817499999.0;9817499995.0;4.0;0.0;0.00023999999999999998;0.0;0.0;0.0;0.0
2.2240000000000015;9817499999.0;9817499995.0;4.0;0.0;0.00023999999999999998;0.0;0.0;0.0;0.0
2.2280000000000015;9817499999.0;9817499995.0;4.0;0.0;0.00023999999999999998;0.0;0.0;0.0;0.0
2.2320000000000015;9817499999.0;9817499995.0;4.0;0.0;0.00023999999999999998;0.0;0.0;0.0;0.0
2.2360000000000015;9817499999.0;9817499995.0;4.0;0.0;0.00023999999999999998;0.0;0.0;0.0;0.0
2.2400000000000015;9817499999.0;9817499995.0;4.0;0.0;0.00023999999999999998;0.0;0.0;0.0;0.0
2.2440000000000015;9817499999.0;9817499995.0;4.0;0.0;0.00023999999999999998;0.0;0.0;0.0;0.0
2.2480000000000016;9817499999.0;9817499995.0;4.0;0.0;0.00023999999999999998;0.0;0.0;0.0;0.0
2.2520000000000016;9817499999.0;9817499995.0;4.0;0.0;0.00023999999999999998;0.0;0.0;0.0;0.0
2.2560000000000016;9817499999.0;9817499995.0;4.0;0.0;0.00023999999999999998;0.0;0.0;0.0;0.0
2.2600000000000016;9817499999.0;9817499995.0;4.0;0.0;0.00023999999999999998;0.0;0.0;0.0;0.0
2.2640000000000016;9817499999.0;9817499995.0;4.0;0.0;0.00023999999999999998;0.0;0.0;0.0;0.0
2.2680000000000016;9817499999.0;9817499995.0;4.0;0.0;0.00023999999999999998;0.0;0.0;0.0;0.0
2.2720000000000016;9817499999.0;9817499995.0;4.0;0.0;0.00023999999999999998;0.0;0.0;0.0;0.0
2.2760000000000016;9817499999.0;9817499995.0;4.0;0.0;0.00023999999999999998;0.0;0.0;0.0;0.0
2.2800000000000016;9817499999.0;9817499995.0;4.0;0.0;0.00023999999999999998;0.0;0.0;0.0;0.0
2.2840000000000016;9817499999.0;9817499995.0;4.0;0.0;0.00023999999999999998;0.0;0.0;0.0;0.0
2.2880000000000016;9817499999.0;9817499995.0;4.0;0.0;0.00023999999999999998;0.0;0.0;0.0;0.0
2.2920000000000016;9817499999.0;9817499995.0;4.0;0.0;0.00023999999999999998;0.0;0.0;0.0;0.0
2.2960000000000016;9817499999.0;9817499995.0;4.0;0.0;0.00023999999999999998;0.0;0.0;0.0;0.0
2.3000000000000016;9817499999.0;9817499995.0;4.0;0.0;0.00023999999999999998;0.0;0.0;0.0;0.0
2.3040000000000016;9817499999.0;9817499995.0;4.0;0.0;0.00023999999999999998;0.0;0.0;0.0;0.0
2.3080000000000016;9817499999.0;9817499995.0;4.0;0.0;0.00023999999999999998;0.0;0.0;0.0;0.0
2.3120000000000016;9817499999.0;9817499995.0;4.0;0.0;0.00023999999999999998;0.0;0.0;0.0;0.0
2.3160000000000016;9817499999.0;9817499995.0;4.0;0.0;0.00023999999999999998;0.0;0.0;0.0;0.0
2.3200000000000016;9817499999.0;9817499995.0;4.0;0.0;0.00023999999999999998;0.0;0.0;0.0;0.0
2.3240000000000016;9817499999.0;9817499995.0;4.0;0.0;0.00023999999999999998;0.0;0.0;0.0;0.0
2.3280000000000016;9817499999.0;9817499995.0;4.0;0.0;0.00023999999999999998;0.0;0.0;0.0;0.0
2.3320000000000016;9817499999.0;9817499995.0;4.0;0.0;0.00023999999999999998;0.0;0.0;0.0;0.0
2.3360000000000016;9817499999.0;9817499995.0;4.0;0.0;0.00023999999999999998;0.0;0.0;0.0;0.0
2.3400000000000016;9817499999.0;9817499995.0;4.0;0.0;0.00023999999999999998;0.0;0.0;0.0;0.0
2.3440000000000016;9817499999.0;9817499995.0;4.0;0.0;0.00023999999999999998;0.0;0.0;0.0;0.0
2.3480000000000016;9817499999.0;9817499995.0;4.0;0.0;0.00023999999999999998;0.0;0.0;0.0;0.0
2.3520000000000016;9817499999.0;9817499995.0;4.0;0.0;0.00023999999999999998;0.0;0.0;0.0;0.0
2.3560000000000016;9817499999.0;9817499995.0;4.0;0.0;0.00023999999999999998;0.0;0.0;0.0;0.0
2.3600000000000017;9817499999.0;9817499995.0;4.0;0.0;0.00023999999999999998;0.0;0.0;0.0;0.0
2.3640000000000017;9817499999.0;9817499995.0;4.0;0.0;0.00023999999999999998;0.0;0.0;0.0;0.0
2.3680000000000017;9817499999.0;9817499995.0;4.0;0.0;0.00023999999999999998;0.0;0.0;0.0;0.0
2.3720000000000017;9817499999.0;9817499995.0;4.0;0.0;0.00023999999999999998;0.0;0.0;0.0;0.0
2.3760000000000017;9817499999.0;9817499995.0;4.0;0.0;0.00023999999999999998;0.0;0.0;0.0;0.0
2.3800000000000017;9817499999.0;9817499995.0;4.0;0.0;0.00023999999999999998;0.0;0.0;0.0;0.0
2.3840000000000017;9817499999.0;9817499995.0;4.0;0.0;0.00023999999999999998;0.0;0.0;0.0;0.0
2.3880000000000017;9817499999.0;9817499995.0;4.0;0.0;0.00023999999999999998;0.0;0.0;0.0;0.0
2.3920000000000017;9817499999.0;9817499995.0;4.0;0.0;0.00023999999999999998;0.0;0.0;0.0;0.0
2.3960000000000017;9817499999.0;9817499995.0;4.0;0.0;0.00023999999999999998;0.0;0.0;0.0;0.0
2.4000000000000017;9817499999.0;9817499995.0;4.0;0.0;0.00023999999999999998;0.0;0.0;0.0;0.0
2.4040000000000017;9817499999.0;9817499995.0;4.0;0.0;0.00023999999999999998;0.0;0.0;0.0;0.0
2.4080000000000017;9817499999.0;9817499995.0;4.0;0.0;0.00023999999999999998;0.0;0.0;0.0;0.0
2.4120000000000017;9817499999.0;9817499995.0;4.0;0.0;0.00023999999999999998;0.0;0.0;0.0;0.0
2.4160000000000017;9817499999.0;9817499995.0;4.0;0.0;0.00023999999999999998;0.0;0.0;0.0;0.0
2.4200000000000017;9817499999.0;9817499995.0;4.0;0.0;0.00023999999999999998;0.0;0.0;0.0;0.0
2.4240000000000017;9817499999.0;9817499995.0;4.0;0.0;0.00023999999999999998;0.0;0.0;0.0;0.0
2.4280000000000017;9817499999.0;9817499995.0;4.0;0.0;0.00023999999999999998;0.0;0.0;0.0;0.0
2.4320000000000017;9817499999.0;9817499995.0;4.0;0.0;0.00023999999999999998;0.0;0.0;0.0;0.0
2.4360000000000017;9817499999.0;9817499995.0;4.0;0.0;0.00023999999999999998;0.0;0.0;0.0;0.0
2.4400000000000017;9817499999.0;9817499995.0;4.0;0.0;0.00023999999999999998;0.0;0.0;0.0;0.0
2.4440000000000017;9817499999.0;9817499995.0;4.0;0.0;0.00023999999999999998;0.0;0.0;0.0;0.0
2.4480000000000017;9817499999.0;9817499995.0;4.0;0.0;0.00023999999999999998;0.0;0.0;0.0;0.0
2.4520000000000017;9817499999.0;9817499995.0;4.0;0.0;0.00023999999999999998;0.0;0.0;0.0;0.0
2.4560000000000017;9817499999.0;9817499995.0;4.0;0.0;0.00023999999999999998;0.0;0.0;0.0;0.0
2.4600000000000017;9817499999.0;9817499995.0;4.0;0.0;0.00023999999999999998;0.0;0.0;0.0;0.0
2.4640000000000017;9817499999.0;9817499995.0;4.0;0.0;0.00023999999999999998;0.0;0.0;0.0;0.0
2.4680000000000017;9817499999.0;9817499995.0;4.0;0.0;0.00023999999999999998;0.0;0.0;0.0;0.0
2.4720000000000018;9817499999.0;9817499995.0;4.0;0.0;0.00023999999999999998;0.0;0.0;0.0;0.0
2.4760000000000018;9817499999.0;9817499995.0;4.0;0.0;0.00023999999999999998;0.0;0.0;0.0;0.0
2.4800000000000018;9817499999.0;9817499995.0;4.0;0.0;0.00023999999999999998;0.0;0.0;0.0;0.0
2.4840000000000018;9817499999.0;9817499995.0;4.0;0.0;0.00023999999999999998;0.0;0.0;0.0;0.0
2.4880000000000018;9817499999.0;9817499995.0;4.0;0.0;0.00023999999999999998;0.0;0.0;0.0;0.0
2.4920000000000018;9817499999.0;9817499995.0;4.0;0.0;0.00023999999999999998;0.0;0.0;0.0;0.0
2.4960000000000018;9817499999.0;9817499995.0;4.0;0.0;0.00023999999999999998;0.0;0.0;0.0;0.0
2.5000000000000018;9817499999.0;9817499995.0;4.0;0.0;0.00023999999999999998;0.0;0.0;0.0;0.0
2.504000000000002;9817499999.0;9817499995.0;4.0;0.0;0.00023999999999999998;0.0;0.0;0.0;0.0
2.508000000000002;9817499999.0;9817499995.0;4.0;0.0;0.00023999999999999998;0.0;0.0;0.0;0.0
2.512000000000002;9817499999.0;9817499995.0;4.0;0.0;0.00023999999999999998;0.0;0.0;0.0;0.0
2.516000000000002;9817499999.0;9817499995.0;4.0;0.0;0.00023999999999999998;0.0;0.0;0.0;0.0
2.520000000000002;9817499999.0;9817499995.0;4.0;0.0;0.00023999999999999998;0.0;0.0;0.0;0.0
2.524000000000002;9817499999.0;9817499995.0;4.0;0.0;0.00023999999999999998;0.0;0.0;0.0;0.0
2.528000000000002;9817499999.0;9817499995.0;4.0;0.0;0.00023999999999999998;0.0;0.0;0.0;0.0
2.532000000000002;9817499999.0;9817499995.0;4.0;0.0;0.00023999999999999998;0.0;0.0;0.0;0.0
2.536000000000002;9817499999.0;9817499995.0;4.0;0.0;0.00023999999999999998;0.0;0.0;0.0;0.0
2.540000000000002;9817499999.0;9817499995.0;4.0;0.0;0.00023999999999999998;0.0;0.0;0.0;0.0
2.544000000000002;9817499999.0;9817499995.0;4.0;0.0;0.00023999999999999998;0.0;0.0;0.0;0.0
2.548000000000002;9817499999.0;9817499995.0;4.0;0.0;0.00023999999999999998;0.0;0.0;0.0;0.0
2.552000000000002;9817499999.0;9817499995.0;4.0;0.0;0.00023999999999999998;0.0;0.0;0.0;0.0
2.556000000000002;9817499999.0;9817499995.0;4.0;0.0;0.00023999999999999998;0.0;0.0;0.0;0.0
2.560000000000002;9817499999.0;9817499995.0;4.0;0.0;0.00023999999999999998;0.0;0.0;0.0;0.0
2.564000000000002;9817499999.0;9817499995.0;4.0;0.0;0.00023999999999999998;0.0;0.0;0.0;0.0
2.568000000000002;9817499999.0;9817499995.0;4.0;0.0;0.00023999999999999998;0.0;0.0;0.0;0.0
2.572000000000002;9817499999.0;9817499995.0;4.0;0.0;0.00023999999999999998;0.0;0.0;0.0;0.0
2.576000000000002;9817499999.0;9817499995.0;4.0;0.0;0.00023999999999999998;0.0;0.0;0.0;0.0
2.580000000000002;9817499999.0;9817499995.0;4.0;0.0;0.00023999999999999998;0.0;0.0;0.0;0.0
2.584000000000002;9817499999.0;9817499995.0;4.0;0.0;0.00023999999999999998;0.0;0.0;0.0;0.0
2.588000000000002;9817499999.0;9817499995.0;4.0;0.0;0.00023999999999999998;0.0;0.0;0.0;0.0
2.592000000000002;9817499999.0;9817499995.0;4.0;0.0;0.00023999999999999998;0.0;0.0;0.0;0.0
2.596000000000002;9817499999.0;9817499995.0;4.0;0.0;0.00023999999999999998;0.0;0.0;0.0;0.0
2.600000000000002;9817499999.0;9817499995.0;4.0;0.0;0.00023999999999999998;0.0;0.0;0.0;0.0
2.604000000000002;9817499999.0;9817499995.0;4.0;0.0;0.00023999999999999998;0.0;0.0;0.0;0.0
2.608000000000002;9817499999.0;9817499995.0;4.0;0.0;0.00023999999999999998;0.0;0.0;0.0;0.0
2.612000000000002;9817499999.0;9817499995.0;4.0;0.0;0.00023999999999999998;0.0;0.0;0.0;0.0
2.616000000000002;9817499999.0;9817499995.0;4.0;0.0;0.00023999999999999998;0.0;0.0;0.0;0.0
2.620000000000002;9817499999.0;9817499995.0;4.0;0.0;0.00023999999999999998;0.0;0.0;0.0;0.0
2.624000000000002;9817499999.0;9817499995.0;4.0;0.0;0.00023999999999999998;0.0;0.0;0.0;0.0
2.628000000000002;9817499999.0;9817499995.0;4.0;0.0;0.00023999999999999998;0.0;0.0;0.0;0.0
2.632000000000002;9817499999.0;9817499995.0;4.0;0.0;0.00023999999999999998;0.0;0.0;0.0;0.0
2.636000000000002;9817499999.0;9817499995.0;4.0;0.0;0.00023999999999999998;0.0;0.0;0.0;0.0
2.640000000000002;9817499999.0;9817499995.0;4.0;0.0;0.00023999999999999998;0.0;0.0;0.0;0.0
2.644000000000002;9817499999.0;9817499995.0;4.0;0.0;0.00023999999999999998;0.0;0.0;0.0;0.0
2.648000000000002;9817499999.0;9817499995.0;4.0;0.0;0.00023999999999999998;0.0;0.0;0.0;0.0
2.652000000000002;9817499999.0;9817499995.0;4.0;0.0;0.00023999999999999998;0.0;0.0;0.0;0.0
2.656000000000002;9817499999.0;9817499995.0;4.0;0.0;0.00023999999999999998;0.0;0.0;0.0;0.0
2.660000000000002;9817499999.0;9817499995.0;4.0;0.0;0.00023999999999999998;0.0;0.0;0.0;0.0
2.664000000000002;9817499999.0;9817499995.0;4.0;0.0;0.00023999999999999998;0.0;0.0;0.0;0.0
2.668000000000002;9817499999.0;9817499995.0;4.0;0.0;0.00023999999999999998;0.0;0.0;0.0;0.0
2.672000000000002;9817499999.0;9817499995.0;4.0;0.0;0.00023999999999999998;0.0;0.0;0.0;0.0
2.676000000000002;9817499999.0;9817499995.0;4.0;0.0;0.00023999999999999998;0.0;0.0;0.0;0.0
2.680000000000002;9817499999.0;9817499995.0;4.0;0.0;0.00023999999999999998;0.0;0.0;0.0;0.0
2.684000000000002;9817499999.0;9817499995.0;4.0;0.0;0.00023999999999999998;0.0;0.0;0.0;0.0
2.688000000000002;9817499999.0;9817499995.0;4.0;0.0;0.00023999999999999998;0.0;0.0;0.0;0.0
2.692000000000002;9817499999.0;9817499995.0;4.0;0.0;0.00023999999999999998;0.0;0.0;0.0;0.0
2.696000000000002;9817499999.0;9817499995.0;4.0;0.0;0.00023999999999999998;0.0;0.0;0.0;0.0
2.700000000000002;9817499999.0;9817499995.0;4.0;0.0;0.00023999999999999998;0.0;0.0;0.0;0.0
2.704000000000002;9817499999.0;9817499995.0;4.0;0.0;0.00023999999999999998;0.0;0.0;0.0;0.0
2.708000000000002;9817499999.0;9817499995.0;4.0;0.0;0.00023999999999999998;0.0;0.0;0.0;0.0
2.712000000000002;9817499999.0;9817499995.0;4.0;0.0;0.00023999999999999998;0.0;0.0;0.0;0.0
2.716000000000002;9817499999.0;9817499995.0;4.0;0.0;0.00023999999999999998;0.0;0.0;0.0;0.0
2.720000000000002;9817499999.0;9817499995.0;4.0;0.0;0.00023999999999999998;0.0;0.0;0.0;0.0
2.724000000000002;9817499999.0;9817499995.0;4.0;0.0;0.00023999999999999998;0.0;0.0;0.0;0.0
2.728000000000002;9817499999.0;9817499995.0;4.0;0.0;0.00023999999999999998;0.0;0.0;0.0;0.0
2.732000000000002;9817499999.0;9817499995.0;4.0;0.0;0.00023999999999999998;0.0;0.0;0.0;0.0
2.736000000000002;9817499999.0;9817499995.0;4.0;0.0;0.00023999999999999998;0.0;0.0;0.0;0.0
2.740000000000002;9817499999.0;9817499995.0;4.0;0.0;0.00023999999999999998;0.0;0.0;0.0;0.0
2.744000000000002;9817499999.0;9817499995.0;4.0;0.0;0.00023999999999999998;0.0;0.0;0.0;0.0
2.748000000000002;9817499999.0;9817499995.0;4.0;0.0;0.00023999999999999998;0.0;0.0;0.0;0.0
2.752000000000002;9817499999.0;9817499995.0;4.0;0.0;0.00023999999999999998;0.0;0.0;0.0;0.0
2.756000000000002;9817499999.0;9817499995.0;4.0;0.0;0.00023999999999999998;0.0;0.0;0.0;0.0
2.760000000000002;9817499999.0;9817499995.0;4.0;0.0;0.00023999999999999998;0.0;0.0;0.0;0.0
2.764000000000002;9817499999.0;9817499995.0;4.0;0.0;0.00023999999999999998;0.0;0.0;0.0;0.0
2.768000000000002;9817499999.0;9817499995.0;4.0;0.0;0.00023999999999999998;0.0;0.0;0.0;0.0
2.772000000000002;9817499999.0;9817499995.0;4.0;0.0;0.00023999999999999998;0.0;0.0;0.0;0.0
2.776000000000002;9817499999.0;9817499995.0;4.0;0.0;0.00023999999999999998;0.0;0.0;0.0;0.0
2.780000000000002;9817499999.0;9817499995.0;4.0;0.0;0.00023999999999999998;0.0;0.0;0.0;0.0
2.784000000000002;9817499999.0;9817499995.0;4.0;0.0;0.00023999999999999998;0.0;0.0;0.0;0.0
2.788000000000002;9817499999.0;9817499995.0;4.0;0.0;0.00023999999999999998;0.0;0.0;0.0;0.0
2.792000000000002;9817499999.0;9817499995.0;4.0;0.0;0.00023999999999999998;0.0;0.0;0.0;0.0
2.796000000000002;9817499999.0;9817499995.0;4.0;0.0;0.00023999999999999998;0.0;0.0;0.0;0.0
2.800000000000002;9817499999.0;9817499995.0;4.0;0.0;0.00023999999999999998;0.0;0.0;0.0;0.0
2.804000000000002;9817499999.0;9817499995.0;4.0;0.0;0.00023999999999999998;0.0;0.0;0.0;0.0
2.808000000000002;9817499999.0;9817499995.0;4.0;0.0;0.00023999999999999998;0.0;0.0;0.0;0.0
2.812000000000002;9817499999.0;9817499995.0;4.0;0.0;0.00023999999999999998;0.0;0.0;0.0;0.0
2.816000000000002;9817499999.0;9817499995.0;4.0;0.0;0.00023999999999999998;0.0;0.0;0.0;0.0
2.820000000000002;9817499999.0;9817499995.0;4.0;0.0;0.00023999999999999998;0.0;0.0;0.0;0.0
2.824000000000002;9817499999.0;9817499995.0;4.0;0.0;0.00023999999999999998;0.0;0.0;0.0;0.0
2.828000000000002;9817499999.0;9817499995.0;4.0;0.0;0.00023999999999999998;0.0;0.0;0.0;0.0
2.832000000000002;9817499999.0;9817499995.0;4.0;0.0;0.00023999999999999998;0.0;0.0;0.0;0.0
2.836000000000002;9817499999.0;9817499995.0;4.0;0.0;0.00023999999999999998;0.0;0.0;0.0;0.0
2.840000000000002;9817499999.0;9817499995.0;4.0;0.0;0.00023999999999999998;0.0;0.0;0.0;0.0
2.844000000000002;9817499999.0;9817499995.0;4.0;0.0;0.00023999999999999998;0.0;0.0;0.0;0.0
2.848000000000002;9817499999.0;9817499995.0;4.0;0.0;0.00023999999999999998;0.0;0.0;0.0;0.0
2.852000000000002;9817443278.0;9817499995.0;4.0;-14.180259044321874;0.00023999999999999998;0.0;-3545.0647610804685;0.0;-3545.0647610804685
2.856000000000002;9817435678.0;9817499995.0;-56717.0;-1.9002398662963451;0.00023999999999999998;-17.583519044321875;3070.004794506382;0.0;3070.004794506382
2.860000000000002;9817429796.0;9817429662.0;6016.0;-1.470262757508005;-17.583279044321873;16.04399917802553;107.49427719708504;0.0;107.49427719708504
2.864000000000002;9817425645.0;9817423505.0;6291.0;-1.0379535270586908;-1.5392798662963452;0.4464771087883401;108.07730761232854;0.0;108.07730761232854
2.868000000000002;9817423086.0;9817419134.0;6511.0;-0.639703531552018;-1.092802757508005;0.44550923044931423;99.56249887666822;0.0;99.56249887666822
2.872000000000002;9817421850.0;9817416545.0;6541.0;-0.3090414683049444;-0.6472935270586908;0.4000499955066728;82.6655158117684;0.0;82.6655158117684
2.876000000000002;9817421490.0;9817415557.0;6293.0;-0.08985015122219014;-0.247243531552018;0.3157820632470736;54.79782927068856;0.0;54.79782927068856
2.880000000000002;9817421558.0;9817415831.0;5659.0;0.016990904741585138;0.06853853169505558;0.18115131708275423;26.71026399094382;0.0;26.71026399094382
2.884000000000002;9817421732.0;9817416829.0;4729.0;0.04349980179090255;0.2496898487778098;0.05104105596377534;6.627224262329353;0.0;6.627224262329353
2.888000000000002;9817421850.0;9817418031.0;3701.0;0.029349352455424145;0.30073090474158515;-0.0351711029506826;-3.537612333869601;0.0;-3.537612333869601
2.892000000000002;9817421869.0;9817419093.0;2757.0;0.004744296231156317;0.26555980179090255;-0.07079044933547843;-6.151264056066957;0.0;-6.151264056066957
2.896000000000002;9817421810.0;9817419872.0;1997.0;-0.01453824144347436;0.19476935245542412;-0.07020505622426781;-4.8206344186576695;0.0;-4.8206344186576695
2.900000000000002;9817421713.0;9817420370.0;1440.0;-0.02425774234121447;0.12456429623115631;-0.05270253767463068;-2.429875224435027;0.0;-2.429875224435027
2.904000000000002;9817421608.0;9817420657.0;1056.0;-0.026344517650977464;0.07186175855652563;-0.0327595008977401;-0.5216938274407489;0.0;-0.5216938274407489
2.908000000000002;9817421510.0;9817420813.0;795.0;-0.02444592576424645;0.03910225765878553;-0.017746775309763;0.4746479716827533;0.0;0.4746479716827533
2.912000000000002;9817421424.0;9817420898.0;612.0;-0.021500957129534884;0.021355482349022528;-0.009081408113268984;0.7362421586778918;0.0;0.7362421586778918
2.916000000000002;9817421348.0;9817420947.0;477.0;-0.019046497253055263;0.012274074235753545;-0.005155031365288432;0.6136149691199052;0.0;0.6136149691199052
2.920000000000002;9817421278.0;9817420975.0;373.0;-0.01747974068636668;0.007119042870465112;-0.0037855401235203784;0.39168914167214597;0.0;0.39168914167214597
2.924000000000002;9817421212.0;9817420988.0;290.0;-0.016600290168946843;0.003333502746944734;-0.0034132434333114144;0.21986262935495912;0.0;0.21986262935495912
2.928000000000002;9817421148.0;9817420988.0;224.0;-0.016054364249160364;-7.974068636668052e-05;-0.0030805494825801635;0.1364814799466197;0.0;0.1364814799466197
2.932000000000002;9817421085.0;9817420976.0;172.0;-0.015568549474165447;-0.003160290168946844;-0.0025740740802135207;0.12145369374872914;0.0;0.12145369374872914
2.936000000000002;9817421025.0;9817420954.0;131.0;-0.015009804801656555;-0.005734364249160365;-0.001974185225005084;0.13968616812722306;0.0;0.13968616812722306
2.940000000000002;9817420968.0;9817420924.0;101.0;-0.014353656002876415;-0.0077085494741654485;-0.0012412553274911073;0.16403719969503494;0.0;0.16403719969503494
2.944000000000002;9817420913.0;9817420889.0;79.0;-0.013628697031952339;-0.008949804801656556;-0.0006638512012198602;0.1812397427310192;0.0;0.1812397427310192
2.948000000000002;9817420862.0;9817420851.0;62.0;-0.012873577458770498;-0.009613656002876416;-0.0002950410290759233;0.1887798932954602;0.0;0.1887798932954602
2.952000000000002;9817420813.0;9817420812.0;50.0;-0.012115859106165881;-0.00990869703195234;3.5119573181840655e-05;0.18942958815115415;0.0;0.18942958815115415
2.956000000000002;9817420768.0;9817420773.0;40.0;-0.011367904556622517;-0.009873577458770499;0.00015771835260461678;0.18698863738584107;0.0;0.18698863738584107
2.960000000000002;9817420725.0;9817420735.0;33.0;-0.010631163789964712;-0.009715859106165882;0.00032795454954336403;0.18418519166445113;0.0;0.18418519166445113
2.964000000000002;9817420686.0;9817420698.0;27.0;-0.009902147543858798;-0.009387904556622518;0.00037674076665780536;0.18225406152647855;0.0;0.18225406152647855
2.968000000000002;9817420649.0;9817420662.0;24.0;-0.009176729280186927;-0.009011163789964713;0.0005490162461059146;0.18135456591796775;0.0;0.18135456591796775
2.972000000000002;9817420615.0;9817420629.0;20.0;-0.008452117475536368;-0.008462147543858798;0.0004854182636718704;0.18115295116263994;0.0;0.18115295116263994
2.976000000000002;9817420584.0;9817420598.0;17.0;-0.0077271142217515635;-0.007976729280186928;0.0005446118046505601;0.181250813446201;0.0;0.181250813446201
2.980000000000002;9817420556.0;9817420569.0;15.0;-0.007001602850526371;-0.0074321174755363675;0.0006050032537848037;0.1813778428062982;0.0;0.1813778428062982
2.984000000000002;9817420654.0;9817420542.0;14.0;0.024430010617647078;-0.006827114221751564;0.0006655113712251927;7.857903367043362;0.0;7.857903367043362
2.988000000000002;9817421184.0;9817420518.0;136.0;0.1324450472312318;-0.006161602850526371;0.03875161346817345;27.003759153396178;0.0;27.003759153396178
2.992000000000002;9817422368.0;9817420648.0;536.0;0.29615876233184535;0.032590010617647075;0.1320150366135847;40.928428775153385;0.0;40.928428775153385
2.996000000000002;9817424498.0;9817421306.0;1062.0;0.5325092380209737;0.1646050472312318;0.19527371510061356;59.08761892228209;0.0;59.08761892228209
3.000000000000002;9817428203.0;9817422745.0;1753.0;0.926068916968258;0.35987876233184535;0.2778104756891284;98.38991973682107;0.0;98.38991973682107
3.0040000000000022;9817433867.0;9817425295.0;2908.0;1.415964071443729;0.6376892380209738;0.4628596789472843;122.47378861886773;0.0;122.47378861886773
3.0080000000000022;9817441236.0;9817429697.0;4170.0;1.8423754697843728;1.100548916968258;0.5656151544754708;106.60284958516098;0.0;106.60284958516098
3.0120000000000022;9817499999.0;9817436361.0;4875.0;14.690851674927954;1.666164071443729;0.4687113983406439;3212.1190512858952;0.0;3212.1190512858952
3.0160000000000022;9817499999.0;9817444900.0;55099.0;0.0;2.134875469784373;15.861916205143583;-3672.7129187319883;0.0;-3672.7129187319883
3.0200000000000022;9817499999.0;9817516887.0;-16888.0;0.0;17.996791674927955;-19.010071674927957;0.0;0.0;0.0
3.0240000000000022;9817499999.0;9817512834.0;-12835.0;0.0;-1.01328;0.24318000000000006;0.0;0.0;0.0
3.0280000000000022;9817499999.0;9817509754.0;-9755.0;0.0;-0.7700999999999999;0.18479999999999996;0.0;0.0;0.0
3.0320000000000022;9817499999.0;9817507413.0;-7414.0;0.0;-0.5852999999999999;0.14045999999999997;0.0;0.0;0.0
3.0360000000000023;9817499999.0;9817505634.0;-5635.0;0.0;-0.44483999999999996;0.10674;0.0;0.0;0.0
3.0400000000000023;9817499999.0;9817504282.0;-4283.0;0.0;-0.33809999999999996;0.08111999999999997;0.0;0.0;0.0
3.0440000000000023;9817499999.0;9817503255.0;-3256.0;0.0;-0.25698;0.06162000000000001;0.0;0.0;0.0
3.0480000000000023;9817499999.0;9817502474.0;-2475.0;0.0;-0.19535999999999998;0.046859999999999985;0.0;0.0;0.0
3.0520000000000023;9817499999.0;9817501880.0;-1881.0;0.0;-0.1485;0.035640000000000005;0.0;0.0;0.0
3.0560000000000023;9817499999.0;9817501429.0;-1430.0;0.0;-0.11285999999999999;0.02706;0.0;0.0;0.0
3.0600000000000023;9817499999.0;9817501086.0;-1087.0;0.0;-0.08579999999999999;0.020579999999999987;0.0;0.0;0.0
3.0640000000000023;9817499999.0;9817500826.0;-827.0;0.0;-0.06522;0.015600000000000003;0.0;0.0;0.0
3.0680000000000023;9817499999.0;9817500628.0;-629.0;0.0;-0.04962;0.011880000000000002;0.0;0.0;0.0
3.0720000000000023;9817499999.0;9817500478.0;-479.0;0.0;-0.037739999999999996;0.008999999999999998;0.0;0.0;0.0
